1 2.60311 0.000847804 1.79769e+308
2 1.18356 0.00128052 0.000847804
3 0.000839552 0.000512717 0.000847804
4 0.0240066 0.000331133 0.000512717
5 0.000912398 0.000177727 0.000331133
6 0.000889149 0.000176556 0.000177727
7 0.000826844 0.000124358 0.000176556
8 0.000729007 9.53373e-05 0.000124358
9 0.0174074 0.00051567 9.53373e-05
10 0.000134408 0.000288771 9.53373e-05
11 0.000623032 0.000133926 9.53373e-05
12 0.000653072 0.00021069 9.53373e-05
13 0.000666941 0.000109414 9.53373e-05
14 0.000670743 4.30768e-05 9.53373e-05
15 0.0122948 0.00012999 4.30768e-05
16 0.000517903 8.97297e-05 4.30768e-05
17 0.000633488 5.16016e-05 4.30768e-05
18 0.000599247 3.9643e-05 4.30768e-05
19 0.000593266 4.19074e-05 3.9643e-05
20 0.000569468 5.14966e-05 3.9643e-05
21 0.0130165 4.64689e-05 3.9643e-05
22 0.000368258 0.000275339 3.9643e-05
23 0.0005474 0.00139643 3.9643e-05
24 0.000541947 0.000105459 3.9643e-05
25 0.000530262 9.55433e-05 3.9643e-05
26 0.000547039 0.000133869 3.9643e-05
27 0.000524471 4.73394e-05 3.9643e-05
28 0.000498984 0.00193157 3.9643e-05
29 0.000491408 4.7008e-05 3.9643e-05
30 0.000469655 3.13441e-05 3.9643e-05
31 0.000466768 0.000440515 3.13441e-05
32 0.000460157 6.42637e-05 3.13441e-05
33 0.000460606 3.43829e-05 3.13441e-05
34 0.000443262 3.59744e-05 3.13441e-05
35 0.000437734 6.8103e-05 3.13441e-05
36 0.000425473 0.000460534 3.13441e-05
37 0.000431687 5.92055e-05 3.13441e-05
38 0.000402759 9.77508e-05 3.13441e-05
39 0.000365795 3.01205e-05 3.13441e-05
40 0.000364703 2.81712e-05 3.01205e-05
41 0.000366414 0.000406239 2.81712e-05
42 0.000353178 6.13187e-05 2.81712e-05
43 0.000351088 2.57237e-05 2.81712e-05
44 0.000346465 3.55775e-05 2.57237e-05
45 0.000332697 3.22092e-05 2.57237e-05
46 0.000336604 6.08301e-05 2.57237e-05
47 0.000330152 0.000175106 2.57237e-05
48 0.00032314 0.00100099 2.57237e-05
49 0.000324852 3.18476e-05 2.57237e-05
50 0.000320928 0.000104775 2.57237e-05
51 0.000316367 0.000157867 2.57237e-05
52 0.000311307 9.38253e-05 2.57237e-05
53 0.000307171 0.00045263 2.57237e-05
54 0.000301201 2.4658e-05 2.57237e-05
55 0.000301531 3.83255e-05 2.4658e-05
56 0.000298893 4.79854e-05 2.4658e-05
57 0.000294636 2.47144e-05 2.4658e-05
58 0.000292167 2.6553e-05 2.4658e-05
59 0.000289085 6.05043e-05 2.4658e-05
60 0.000288379 6.6705e-05 2.4658e-05
61 0.000284034 2.30869e-05 2.4658e-05
62 0.000283359 4.03852e-05 2.30869e-05
63 0.000280108 0.000319891 2.30869e-05
64 0.000277485 4.97046e-05 2.30869e-05
65 0.000273151 0.00014156 2.30869e-05
66 0.000273346 0.00134446 2.30869e-05
67 0.000272834 2.91032e-05 2.30869e-05
68 0.00026186 2.24357e-05 2.30869e-05
69 0.000263806 3.6808e-05 2.24357e-05
70 0.000274334 6.02866e-05 2.24357e-05
71 0.000255629 0.00111768 2.24357e-05
72 0.000248823 5.41687e-05 2.24357e-05
73 0.000251299 4.59225e-05 2.24357e-05
74 0.000242684 0.00019608 2.24357e-05
75 0.00024174 0.00013558 2.24357e-05
76 0.00023693 0.00580051 2.24357e-05
77 0.000236114 7.10969e-05 2.24357e-05
78 0.000213384 0.000316322 2.24357e-05
79 0.000206931 2.38889e-05 2.24357e-05
80 0.000202194 1.96089e-05 2.24357e-05
81 0.000199718 5.71089e-05 1.96089e-05
82 0.000198168 0.000103567 1.96089e-05
83 0.000196237 0.000111427 1.96089e-05
84 0.00019078 7.87658e-05 1.96089e-05
85 0.000179646 8.80704e-05 1.96089e-05
86 0.000171914 3.83882e-05 1.96089e-05
87 0.000187022 4.3497e-05 1.96089e-05
88 0.00017982 0.00130263 1.96089e-05
89 0.000171112 5.65638e-05 1.96089e-05
90 0.000160134 2.4722e-05 1.96089e-05
91 0.000157527 4.08459e-05 1.96089e-05
92 0.000151273 2.97356e-05 1.96089e-05
93 0.000141138 0.000186928 1.96089e-05
94 0.000141812 6.64196e-05 1.96089e-05
95 0.000136928 4.54979e-05 1.96089e-05
96 0.000132499 0.000105968 1.96089e-05
97 0.000126722 5.55426e-05 1.96089e-05
98 0.000126272 0.000132011 1.96089e-05
99 0.000126341 3.73041e-05 1.96089e-05
100 0.000121294 2.12814e-05 1.96089e-05
101 0.000128995 7.49325e-05 1.96089e-05
102 0.000127777 2.59743e-05 1.96089e-05
103 0.000111805 2.95283e-05 1.96089e-05
104 0.00011323 0.000143338 1.96089e-05
105 0.000110209 0.000190833 1.96089e-05
106 0.000106612 0.000117709 1.96089e-05
107 0.000104479 5.30358e-05 1.96089e-05
108 9.92644e-05 4.71964e-05 1.96089e-05
109 0.000101125 2.96461e-05 1.96089e-05
110 9.88537e-05 0.000265036 1.96089e-05
111 9.55567e-05 5.05084e-05 1.96089e-05
112 9.37787e-05 1.68005e-05 1.96089e-05
113 9.19264e-05 1.86875e-05 1.68005e-05
114 8.83953e-05 1.74463e-05 1.68005e-05
115 8.51691e-05 1.73185e-05 1.68005e-05
116 8.54801e-05 7.43214e-05 1.68005e-05
117 8.1126e-05 1.83921e-05 1.68005e-05
118 8.07462e-05 2.46162e-05 1.68005e-05
119 7.92234e-05 1.64245e-05 1.68005e-05
120 7.79239e-05 1.77418e-05 1.64245e-05
121 7.50528e-05 6.13804e-05 1.64245e-05
122 7.50178e-05 4.97538e-05 1.64245e-05
123 7.52744e-05 1.65497e-05 1.64245e-05
124 7.11901e-05 1.53703e-05 1.64245e-05
125 7.23146e-05 3.99605e-05 1.53703e-05
126 6.81483e-05 2.98588e-05 1.53703e-05
127 6.89657e-05 4.50972e-05 1.53703e-05
128 6.58768e-05 1.61567e-05 1.53703e-05
129 6.57467e-05 2.16003e-05 1.53703e-05
130 6.42375e-05 1.70974e-05 1.53703e-05
131 6.44081e-05 9.45061e-05 1.53703e-05
132 6.61974e-05 2.71522e-05 1.53703e-05
133 6.33931e-05 0.000143459 1.53703e-05
134 6.22382e-05 1.859e-05 1.53703e-05
135 6.21412e-05 1.95749e-05 1.53703e-05
136 6.20984e-05 3.01946e-05 1.53703e-05
137 6.05378e-05 8.11658e-05 1.53703e-05
138 6.11946e-05 0.000127616 1.53703e-05
139 6.08083e-05 1.5148e-05 1.53703e-05
140 6.04867e-05 1.81189e-05 1.5148e-05
141 6.01283e-05 1.51514e-05 1.5148e-05
142 5.83922e-05 1.9441e-05 1.5148e-05
143 5.81853e-05 0.000612142 1.5148e-05
144 5.96606e-05 1.33442e-05 1.5148e-05
145 5.68038e-05 6.22464e-05 1.33442e-05
146 5.54081e-05 5.14098e-05 1.33442e-05
147 5.46321e-05 2.76984e-05 1.33442e-05
148 5.71558e-05 1.46555e-05 1.33442e-05
149 5.50336e-05 1.8732e-05 1.33442e-05
150 5.39628e-05 3.28163e-05 1.33442e-05
151 5.52322e-05 2.08286e-05 1.33442e-05
152 5.49797e-05 1.54305e-05 1.33442e-05
153 5.40082e-05 1.5043e-05 1.33442e-05
154 5.29359e-05 4.79557e-05 1.33442e-05
155 5.15472e-05 4.67325e-05 1.33442e-05
156 5.1911e-05 2.04738e-05 1.33442e-05
157 5.21496e-05 8.15619e-05 1.33442e-05
158 5.32342e-05 2.1933e-05 1.33442e-05
159 5.33723e-05 6.40709e-05 1.33442e-05
160 5.18241e-05 3.36502e-05 1.33442e-05
161 5.24722e-05 4.10279e-05 1.33442e-05
162 5.10589e-05 3.05174e-05 1.33442e-05
163 5.10783e-05 1.45453e-05 1.33442e-05
164 5.01356e-05 0.000115085 1.33442e-05
165 4.97978e-05 2.21923e-05 1.33442e-05
166 4.94044e-05 2.45145e-05 1.33442e-05
167 4.96292e-05 2.27402e-05 1.33442e-05
168 4.87355e-05 1.47453e-05 1.33442e-05
169 4.87606e-05 0.000111811 1.33442e-05
170 4.78075e-05 0.000234964 1.33442e-05
171 4.93839e-05 6.82453e-05 1.33442e-05
172 4.74251e-05 1.4177e-05 1.33442e-05
173 4.62897e-05 2.39381e-05 1.33442e-05
174 4.63859e-05 1.25252e-05 1.33442e-05
175 4.72658e-05 1.17052e-05 1.25252e-05
176 4.60028e-05 1.49582e-05 1.17052e-05
177 4.74267e-05 1.37763e-05 1.17052e-05
178 4.65285e-05 1.52498e-05 1.17052e-05
179 4.61725e-05 0.000107937 1.17052e-05
180 4.54572e-05 1.81657e-05 1.17052e-05
181 4.52564e-05 1.5497e-05 1.17052e-05
182 4.55931e-05 3.22981e-05 1.17052e-05
183 4.42631e-05 2.79114e-05 1.17052e-05
184 4.42214e-05 1.18525e-05 1.17052e-05
185 4.30179e-05 7.74454e-05 1.17052e-05
186 4.36341e-05 1.81188e-05 1.17052e-05
187 4.30419e-05 2.68026e-05 1.17052e-05
188 4.13377e-05 1.44739e-05 1.17052e-05
189 4.13722e-05 3.10672e-05 1.17052e-05
190 4.21844e-05 2.44334e-05 1.17052e-05
191 4.0458e-05 1.25761e-05 1.17052e-05
192 4.08926e-05 1.91514e-05 1.17052e-05
193 4.03896e-05 1.84413e-05 1.17052e-05
194 3.91499e-05 1.39106e-05 1.17052e-05
195 3.96852e-05 1.23629e-05 1.17052e-05
196 3.71078e-05 2.45765e-05 1.17052e-05
197 3.75795e-05 2.38693e-05 1.17052e-05
198 3.61774e-05 1.43723e-05 1.17052e-05
199 3.5755e-05 1.54454e-05 1.17052e-05
200 3.63356e-05 3.68053e-05 1.17052e-05
201 3.51484e-05 0.000220073 1.17052e-05
202 3.43023e-05 2.54139e-05 1.17052e-05
203 3.52384e-05 4.83511e-05 1.17052e-05
204 3.47723e-05 5.54777e-05 1.17052e-05
205 3.32708e-05 2.29996e-05 1.17052e-05
206 3.33038e-05 1.68841e-05 1.17052e-05
207 3.2706e-05 2.13905e-05 1.17052e-05
208 3.25343e-05 7.9972e-05 1.17052e-05
209 3.22716e-05 2.89925e-05 1.17052e-05
210 3.28857e-05 4.19273e-05 1.17052e-05
211 3.2085e-05 1.78495e-05 1.17052e-05
212 3.35799e-05 1.78473e-05 1.17052e-05
213 3.1904e-05 1.45554e-05 1.17052e-05
214 3.12774e-05 8.43849e-05 1.17052e-05
215 3.18748e-05 1.67318e-05 1.17052e-05
216 3.13648e-05 4.88054e-05 1.17052e-05
217 3.11007e-05 1.23158e-05 1.17052e-05
218 3.13579e-05 1.72352e-05 1.17052e-05
219 3.1485e-05 1.5275e-05 1.17052e-05
220 3.05634e-05 1.55327e-05 1.17052e-05
221 3.0854e-05 4.96027e-05 1.17052e-05
222 3.06914e-05 1.10379e-05 1.17052e-05
223 3.02065e-05 1.18938e-05 1.10379e-05
224 3.00347e-05 1.39476e-05 1.10379e-05
225 2.93473e-05 4.43681e-05 1.10379e-05
226 3.05847e-05 1.64901e-05 1.10379e-05
227 3.0362e-05 2.23588e-05 1.10379e-05
228 2.96867e-05 0.000113309 1.10379e-05
229 2.91804e-05 3.35744e-05 1.10379e-05
230 2.95657e-05 1.90559e-05 1.10379e-05
231 2.78029e-05 2.58675e-05 1.10379e-05
232 2.85355e-05 2.10551e-05 1.10379e-05
233 2.86221e-05 1.26181e-05 1.10379e-05
234 2.91774e-05 2.66549e-05 1.10379e-05
235 2.90506e-05 1.33935e-05 1.10379e-05
236 2.87025e-05 4.7806e-05 1.10379e-05
237 2.8588e-05 1.09109e-05 1.10379e-05
238 2.89946e-05 1.28312e-05 1.09109e-05
239 2.83329e-05 1.94508e-05 1.09109e-05
240 2.81731e-05 2.12591e-05 1.09109e-05
241 2.81205e-05 4.41375e-05 1.09109e-05
242 2.73329e-05 1.13698e-05 1.09109e-05
243 2.74737e-05 1.67819e-05 1.09109e-05
244 2.73872e-05 1.12771e-05 1.09109e-05
245 2.79645e-05 1.45769e-05 1.09109e-05
246 2.80944e-05 1.05644e-05 1.09109e-05
247 2.61783e-05 1.21914e-05 1.05644e-05
248 2.75127e-05 2.71696e-05 1.05644e-05
249 2.80876e-05 6.33187e-05 1.05644e-05
250 2.78429e-05 1.11654e-05 1.05644e-05
251 2.60516e-05 1.30909e-05 1.05644e-05
252 2.82145e-05 1.26358e-05 1.05644e-05
253 2.69041e-05 9.52332e-05 1.05644e-05
254 2.68935e-05 6.22574e-05 1.05644e-05
255 2.78006e-05 1.77473e-05 1.05644e-05
256 2.64612e-05 1.34279e-05 1.05644e-05
257 2.61723e-05 2.54984e-05 1.05644e-05
258 2.73805e-05 3.41952e-05 1.05644e-05
259 2.59341e-05 0.000113359 1.05644e-05
260 2.60759e-05 1.00745e-05 1.05644e-05
261 2.63758e-05 1.85507e-05 1.00745e-05
262 2.66394e-05 4.55459e-05 1.00745e-05
263 2.65857e-05 2.54871e-05 1.00745e-05
264 2.62381e-05 2.3723e-05 1.00745e-05
265 2.62712e-05 6.12714e-05 1.00745e-05
266 2.5555e-05 2.45732e-05 1.00745e-05
267 2.58552e-05 1.68051e-05 1.00745e-05
268 2.5988e-05 5.87293e-05 1.00745e-05
269 2.55626e-05 7.57812e-05 1.00745e-05
270 2.48685e-05 1.01727e-05 1.00745e-05
271 2.64548e-05 4.91036e-05 1.00745e-05
272 2.56767e-05 1.11973e-05 1.00745e-05
273 2.4836e-05 1.69991e-05 1.00745e-05
274 2.56378e-05 0.000193548 1.00745e-05
275 2.53511e-05 9.87046e-06 1.00745e-05
276 2.48847e-05 9.93419e-06 9.87046e-06
277 2.49258e-05 1.37259e-05 9.87046e-06
278 2.47594e-05 6.36515e-05 9.87046e-06
279 2.50156e-05 4.39659e-05 9.87046e-06
280 2.51578e-05 3.47749e-05 9.87046e-06
281 2.48391e-05 4.42399e-05 9.87046e-06
282 2.4167e-05 1.7444e-05 9.87046e-06
283 2.47727e-05 2.58305e-05 9.87046e-06
284 2.43168e-05 2.275e-05 9.87046e-06
285 2.4179e-05 2.84159e-05 9.87046e-06
286 2.48869e-05 1.33916e-05 9.87046e-06
287 2.44648e-05 1.40377e-05 9.87046e-06
288 2.40049e-05 3.27684e-05 9.87046e-06
289 2.40491e-05 2.85717e-05 9.87046e-06
290 2.42626e-05 1.22874e-05 9.87046e-06
291 2.48988e-05 5.37703e-05 9.87046e-06
292 2.34282e-05 1.13656e-05 9.87046e-06
293 2.41889e-05 1.30672e-05 9.87046e-06
294 2.34806e-05 2.25124e-05 9.87046e-06
295 2.40497e-05 1.2739e-05 9.87046e-06
296 2.37805e-05 1.37431e-05 9.87046e-06
297 2.35729e-05 1.86973e-05 9.87046e-06
298 2.34115e-05 2.13404e-05 9.87046e-06
299 2.41768e-05 1.01685e-05 9.87046e-06
300 2.43905e-05 6.91644e-05 9.87046e-06
301 2.34514e-05 1.11075e-05 9.87046e-06
302 2.38281e-05 1.17885e-05 9.87046e-06
303 2.46483e-05 1.89701e-05 9.87046e-06
304 2.45194e-05 7.46483e-05 9.87046e-06
305 2.37879e-05 2.71539e-05 9.87046e-06
306 2.29343e-05 1.816e-05 9.87046e-06
307 2.43332e-05 2.14328e-05 9.87046e-06
308 2.37503e-05 1.20885e-05 9.87046e-06
309 2.34051e-05 7.7298e-05 9.87046e-06
310 2.37398e-05 1.50087e-05 9.87046e-06
311 2.28878e-05 4.30061e-05 9.87046e-06
312 2.26486e-05 4.04503e-05 9.87046e-06
313 2.33348e-05 1.00672e-05 9.87046e-06
314 2.36379e-05 1.50012e-05 9.87046e-06
315 2.24141e-05 1.10713e-05 9.87046e-06
316 2.24191e-05 1.27884e-05 9.87046e-06
317 2.34289e-05 2.26796e-05 9.87046e-06
318 2.25354e-05 1.0022e-05 9.87046e-06
319 2.38892e-05 1.2724e-05 9.87046e-06
320 2.30395e-05 1.44746e-05 9.87046e-06
321 2.33936e-05 1.49865e-05 9.87046e-06
322 2.31586e-05 1.12303e-05 9.87046e-06
323 2.2894e-05 1.04538e-05 9.87046e-06
324 2.34716e-05 3.9023e-05 9.87046e-06
325 2.29567e-05 1.10453e-05 9.87046e-06
326 2.24427e-05 5.11577e-05 9.87046e-06
327 2.27038e-05 9.81151e-06 9.87046e-06
328 2.26982e-05 1.69016e-05 9.81151e-06
329 2.25767e-05 2.39241e-05 9.81151e-06
330 2.20042e-05 1.1456e-05 9.81151e-06
331 2.28005e-05 1.18185e-05 9.81151e-06
332 2.27793e-05 9.90553e-06 9.81151e-06
333 2.24469e-05 4.05769e-05 9.81151e-06
334 2.24916e-05 2.31e-05 9.81151e-06
335 2.27612e-05 2.28135e-05 9.81151e-06
336 2.22192e-05 3.03139e-05 9.81151e-06
337 2.1848e-05 1.17161e-05 9.81151e-06
338 2.20148e-05 9.64543e-06 9.81151e-06
339 2.1967e-05 8.61535e-06 9.64543e-06
340 2.2702e-05 9.39633e-06 8.61535e-06
341 2.18649e-05 4.54297e-05 8.61535e-06
342 2.23671e-05 1.04412e-05 8.61535e-06
343 2.17079e-05 1.1735e-05 8.61535e-06
344 2.16519e-05 3.60144e-05 8.61535e-06
345 2.14718e-05 1.44079e-05 8.61535e-06
346 2.18211e-05 2.35857e-05 8.61535e-06
347 2.19424e-05 8.7268e-05 8.61535e-06
348 2.19011e-05 1.17457e-05 8.61535e-06
349 2.2501e-05 2.72371e-05 8.61535e-06
350 2.16693e-05 1.94128e-05 8.61535e-06
351 2.19669e-05 5.9705e-05 8.61535e-06
352 2.22424e-05 3.47947e-05 8.61535e-06
353 2.19797e-05 1.00501e-05 8.61535e-06
354 2.16696e-05 1.59888e-05 8.61535e-06
355 2.1988e-05 1.19022e-05 8.61535e-06
356 2.21848e-05 7.06456e-05 8.61535e-06
357 2.25677e-05 9.31083e-06 8.61535e-06
358 2.11098e-05 1.87309e-05 8.61535e-06
359 2.19218e-05 3.31095e-05 8.61535e-06
360 2.14542e-05 2.24923e-05 8.61535e-06
361 2.16948e-05 1.01896e-05 8.61535e-06
362 2.13463e-05 2.46788e-05 8.61535e-06
363 2.10486e-05 9.24756e-06 8.61535e-06
364 2.10802e-05 1.06134e-05 8.61535e-06
365 2.15264e-05 2.66108e-05 8.61535e-06
366 2.15885e-05 1.63037e-05 8.61535e-06
367 2.12204e-05 5.00845e-05 8.61535e-06
368 2.05393e-05 4.85737e-05 8.61535e-06
369 2.11197e-05 1.29434e-05 8.61535e-06
370 2.07991e-05 2.80619e-05 8.61535e-06
371 2.16061e-05 1.24823e-05 8.61535e-06
372 2.09933e-05 1.78761e-05 8.61535e-06
373 2.08271e-05 8.66454e-06 8.61535e-06
374 2.15417e-05 8.72827e-06 8.61535e-06
375 2.05528e-05 1.12515e-05 8.61535e-06
376 2.07936e-05 9.86257e-06 8.61535e-06
377 2.05233e-05 1.5885e-05 8.61535e-06
378 2.13903e-05 2.23469e-05 8.61535e-06
379 2.0618e-05 8.44465e-06 8.61535e-06
380 2.10178e-05 1.69983e-05 8.44465e-06
381 2.05828e-05 1.7671e-05 8.44465e-06
382 2.11437e-05 8.54651e-06 8.44465e-06
383 2.0043e-05 8.86875e-06 8.44465e-06
384 2.15325e-05 1.1595e-05 8.44465e-06
385 2.17346e-05 1.68178e-05 8.44465e-06
386 2.0353e-05 2.00458e-05 8.44465e-06
387 2.07676e-05 1.41521e-05 8.44465e-06
388 2.07523e-05 8.78795e-06 8.44465e-06
389 2.06558e-05 1.10389e-05 8.44465e-06
390 2.08108e-05 6.85657e-05 8.44465e-06
391 2.12771e-05 1.85469e-05 8.44465e-06
392 2.06135e-05 1.0881e-05 8.44465e-06
393 2.04701e-05 8.24544e-06 8.44465e-06
394 2.00964e-05 2.94329e-05 8.24544e-06
395 2.06389e-05 1.74255e-05 8.24544e-06
396 2.07833e-05 1.09709e-05 8.24544e-06
397 2.03371e-05 1.08363e-05 8.24544e-06
398 2.03402e-05 1.04553e-05 8.24544e-06
399 1.99619e-05 9.50746e-06 8.24544e-06
400 2.03567e-05 8.95269e-06 8.24544e-06
401 2.09261e-05 9.74739e-06 8.24544e-06
402 2.02855e-05 1.49659e-05 8.24544e-06
403 2.08537e-05 5.74786e-05 8.24544e-06
404 2.08421e-05 8.9489e-06 8.24544e-06
405 2.05337e-05 7.80984e-06 8.24544e-06
406 1.95454e-05 1.52744e-05 7.80984e-06
407 2.00529e-05 4.96831e-05 7.80984e-06
408 2.1428e-05 9.08641e-06 7.80984e-06
409 1.94096e-05 9.77958e-06 7.80984e-06
410 2.11506e-05 2.09071e-05 7.80984e-06
411 2.00315e-05 1.51965e-05 7.80984e-06
412 2.05436e-05 1.48999e-05 7.80984e-06
413 1.9932e-05 4.19288e-05 7.80984e-06
414 1.99395e-05 1.83419e-05 7.80984e-06
415 1.9858e-05 8.31463e-06 7.80984e-06
416 2.04277e-05 1.57358e-05 7.80984e-06
417 2.02663e-05 1.88549e-05 7.80984e-06
418 2.0407e-05 7.67818e-06 7.80984e-06
419 2.0624e-05 3.7036e-05 7.67818e-06
420 2.07227e-05 2.50484e-05 7.67818e-06
421 2.00843e-05 1.46219e-05 7.67818e-06
422 1.97567e-05 7.88564e-06 7.67818e-06
423 2.03281e-05 1.43909e-05 7.67818e-06
424 2.01529e-05 1.06047e-05 7.67818e-06
425 1.99216e-05 0.000130071 7.67818e-06
426 2.04017e-05 6.89557e-05 7.67818e-06
427 1.99652e-05 9.9603e-05 7.67818e-06
428 1.98273e-05 2.37971e-05 7.67818e-06
429 1.96964e-05 1.23618e-05 7.67818e-06
430 1.96905e-05 8.07393e-05 7.67818e-06
431 1.96377e-05 6.37227e-05 7.67818e-06
432 1.98582e-05 1.19557e-05 7.67818e-06
433 1.9428e-05 8.54991e-06 7.67818e-06
434 1.989e-05 7.83211e-06 7.67818e-06
435 2.01768e-05 5.07388e-05 7.67818e-06
436 1.96395e-05 1.30172e-05 7.67818e-06
437 2.05694e-05 1.22207e-05 7.67818e-06
438 2.03206e-05 1.98061e-05 7.67818e-06
439 1.97141e-05 7.59212e-06 7.67818e-06
440 2.04348e-05 1.88186e-05 7.59212e-06
441 1.93008e-05 1.05297e-05 7.59212e-06
442 1.96432e-05 1.53259e-05 7.59212e-06
443 1.92919e-05 2.94969e-05 7.59212e-06
444 1.895e-05 3.90663e-05 7.59212e-06
445 2.03652e-05 1.31996e-05 7.59212e-06
446 1.94105e-05 1.25449e-05 7.59212e-06
447 1.93277e-05 1.40788e-05 7.59212e-06
448 1.95719e-05 8.89037e-06 7.59212e-06
449 1.99764e-05 2.13629e-05 7.59212e-06
450 1.94306e-05 9.81267e-06 7.59212e-06
451 1.92126e-05 8.8098e-06 7.59212e-06
452 1.97906e-05 0.000144951 7.59212e-06
453 1.9674e-05 8.23806e-06 7.59212e-06
454 1.90054e-05 7.548e-06 7.59212e-06
455 2.0029e-05 0.00120801 7.548e-06
456 1.90278e-05 9.72406e-06 7.548e-06
457 1.94204e-05 9.86806e-06 7.548e-06
458 1.90125e-05 8.12755e-06 7.548e-06
459 1.9411e-05 2.78333e-05 7.548e-06
460 1.85318e-05 3.18597e-05 7.548e-06
461 1.84402e-05 1.26799e-05 7.548e-06
462 2.01119e-05 2.12996e-05 7.548e-06
463 1.87825e-05 3.89896e-05 7.548e-06
464 1.89549e-05 1.18769e-05 7.548e-06
465 1.92958e-05 3.60058e-05 7.548e-06
466 1.91529e-05 5.29601e-05 7.548e-06
467 1.85849e-05 8.60801e-06 7.548e-06
468 1.86068e-05 3.2232e-05 7.548e-06
469 1.88379e-05 3.84575e-05 7.548e-06
470 1.82473e-05 9.34026e-06 7.548e-06
471 1.90834e-05 9.99666e-06 7.548e-06
472 1.86573e-05 1.61358e-05 7.548e-06
473 1.90471e-05 1.4326e-05 7.548e-06
474 1.87768e-05 2.68795e-05 7.548e-06
475 1.87235e-05 2.29748e-05 7.548e-06
476 1.86864e-05 2.56013e-05 7.548e-06
477 1.81326e-05 1.51476e-05 7.548e-06
478 1.83946e-05 1.42594e-05 7.548e-06
479 1.8989e-05 2.38432e-05 7.548e-06
480 1.85723e-05 1.62351e-05 7.548e-06
481 1.85736e-05 7.8585e-06 7.548e-06
482 1.83305e-05 1.43086e-05 7.548e-06
483 1.90233e-05 1.13016e-05 7.548e-06
484 1.83871e-05 9.10983e-06 7.548e-06
485 1.83398e-05 2.86622e-05 7.548e-06
486 1.91208e-05 9.10707e-05 7.548e-06
487 1.8235e-05 9.44766e-06 7.548e-06
488 1.86348e-05 8.84951e-06 7.548e-06
489 1.84144e-05 1.64382e-05 7.548e-06
490 1.8008e-05 2.78165e-05 7.548e-06
491 1.98017e-05 8.22687e-06 7.548e-06
492 1.81273e-05 1.56117e-05 7.548e-06
493 1.86723e-05 1.9713e-05 7.548e-06
494 1.94312e-05 1.06729e-05 7.548e-06
495 1.82586e-05 8.99359e-06 7.548e-06
496 1.82068e-05 1.42557e-05 7.548e-06
497 1.94384e-05 1.27127e-05 7.548e-06
498 1.85326e-05 1.42499e-05 7.548e-06
499 1.90354e-05 1.17869e-05 7.548e-06
500 1.85138e-05 4.80548e-05 7.548e-06
501 1.83915e-05 1.61889e-05 7.548e-06
502 1.85143e-05 7.8359e-06 7.548e-06
503 1.86561e-05 1.50699e-05 7.548e-06
504 1.81651e-05 1.03862e-05 7.548e-06
505 1.7815e-05 1.46042e-05 7.548e-06
506 1.81439e-05 9.2878e-06 7.548e-06
507 1.80234e-05 1.27563e-05 7.548e-06
508 1.86683e-05 2.92774e-05 7.548e-06
509 1.76481e-05 9.16132e-06 7.548e-06
510 1.85846e-05 9.56187e-06 7.548e-06
511 1.8486e-05 8.69604e-06 7.548e-06
512 1.75799e-05 1.80549e-05 7.548e-06
513 1.78114e-05 1.79039e-05 7.548e-06
514 1.72561e-05 8.8328e-06 7.548e-06
515 1.79628e-05 2.01416e-05 7.548e-06
516 1.7681e-05 2.13278e-05 7.548e-06
517 1.76918e-05 1.06909e-05 7.548e-06
518 1.7543e-05 9.14196e-06 7.548e-06
519 1.83645e-05 1.11655e-05 7.548e-06
520 1.64373e-05 2.25193e-05 7.548e-06
521 1.81127e-05 9.06717e-06 7.548e-06
522 1.71322e-05 1.56362e-05 7.548e-06
523 1.70834e-05 1.57716e-05 7.548e-06
524 1.67283e-05 8.98254e-06 7.548e-06
525 1.72286e-05 1.45162e-05 7.548e-06
526 1.69698e-05 7.42707e-05 7.548e-06
527 1.7105e-05 1.06687e-05 7.548e-06
528 1.67474e-05 1.36284e-05 7.548e-06
529 1.77901e-05 1.28196e-05 7.548e-06
530 1.65038e-05 6.8542e-05 7.548e-06
531 1.70793e-05 1.28796e-05 7.548e-06
532 1.67413e-05 1.26599e-05 7.548e-06
533 1.68659e-05 7.28784e-06 7.548e-06
534 1.73651e-05 1.24196e-05 7.28784e-06
535 1.68232e-05 3.48574e-05 7.28784e-06
536 1.65734e-05 9.33986e-06 7.28784e-06
537 1.72328e-05 2.51461e-05 7.28784e-06
538 1.7131e-05 2.34364e-05 7.28784e-06
539 1.74004e-05 7.99401e-06 7.28784e-06
540 1.70446e-05 7.58485e-06 7.28784e-06
541 1.66397e-05 2.33685e-05 7.28784e-06
542 1.6723e-05 3.19404e-05 7.28784e-06
543 1.71616e-05 2.28735e-05 7.28784e-06
544 1.74313e-05 1.29542e-05 7.28784e-06
545 1.6737e-05 2.30684e-05 7.28784e-06
546 1.67084e-05 7.6246e-06 7.28784e-06
547 1.68311e-05 8.04483e-05 7.28784e-06
548 1.70967e-05 1.09594e-05 7.28784e-06
549 1.67005e-05 6.44183e-05 7.28784e-06
550 1.68172e-05 8.69819e-06 7.28784e-06
551 1.75912e-05 1.21736e-05 7.28784e-06
552 1.62726e-05 1.29803e-05 7.28784e-06
553 1.68744e-05 8.72651e-06 7.28784e-06
554 1.69315e-05 7.72496e-06 7.28784e-06
555 1.69907e-05 2.14655e-05 7.28784e-06
556 1.66376e-05 7.81809e-06 7.28784e-06
557 1.61475e-05 2.45633e-05 7.28784e-06
558 1.65747e-05 1.59389e-05 7.28784e-06
559 1.67027e-05 1.02445e-05 7.28784e-06
560 1.67071e-05 3.68218e-05 7.28784e-06
561 1.66038e-05 1.59403e-05 7.28784e-06
562 1.63484e-05 1.52874e-05 7.28784e-06
563 1.66691e-05 1.10989e-05 7.28784e-06
564 1.71107e-05 8.33318e-06 7.28784e-06
565 1.6347e-05 9.22715e-05 7.28784e-06
566 1.58553e-05 1.38274e-05 7.28784e-06
567 1.69927e-05 9.2694e-06 7.28784e-06
568 1.69716e-05 1.12908e-05 7.28784e-06
569 1.67131e-05 8.24668e-06 7.28784e-06
570 1.62842e-05 2.47173e-05 7.28784e-06
571 1.65571e-05 1.14711e-05 7.28784e-06
572 1.66831e-05 7.69573e-06 7.28784e-06
573 1.62551e-05 8.84362e-06 7.28784e-06
574 1.6675e-05 1.59169e-05 7.28784e-06
575 1.65819e-05 1.38662e-05 7.28784e-06
576 1.70195e-05 9.79492e-06 7.28784e-06
577 1.65616e-05 8.22923e-06 7.28784e-06
578 1.63392e-05 1.22917e-05 7.28784e-06
579 1.65498e-05 1.27353e-05 7.28784e-06
580 1.70225e-05 1.49031e-05 7.28784e-06
581 1.70471e-05 1.8259e-05 7.28784e-06
582 1.64109e-05 2.24025e-05 7.28784e-06
583 1.64276e-05 1.18117e-05 7.28784e-06
584 1.5922e-05 1.13516e-05 7.28784e-06
585 1.66387e-05 2.05219e-05 7.28784e-06
586 1.62014e-05 0.000234892 7.28784e-06
587 1.68558e-05 3.76279e-05 7.28784e-06
588 1.58385e-05 2.64213e-05 7.28784e-06
589 1.72088e-05 9.2892e-06 7.28784e-06
590 1.69206e-05 1.00125e-05 7.28784e-06
591 1.65932e-05 7.45845e-06 7.28784e-06
592 1.67437e-05 2.56102e-05 7.28784e-06
593 1.74434e-05 8.14453e-06 7.28784e-06
594 1.65051e-05 1.39295e-05 7.28784e-06
595 1.62295e-05 1.9115e-05 7.28784e-06
596 1.62119e-05 2.41455e-05 7.28784e-06
597 1.64331e-05 2.99207e-05 7.28784e-06
598 1.60728e-05 1.9083e-05 7.28784e-06
599 1.72806e-05 1.71112e-05 7.28784e-06
600 1.58036e-05 7.46723e-06 7.28784e-06
601 1.6615e-05 3.76222e-05 7.28784e-06
602 1.64964e-05 9.18081e-06 7.28784e-06
603 1.73032e-05 1.73404e-05 7.28784e-06
604 1.56813e-05 3.25257e-05 7.28784e-06
605 1.62481e-05 7.81128e-06 7.28784e-06
606 1.6278e-05 1.05686e-05 7.28784e-06
607 1.65346e-05 9.75597e-06 7.28784e-06
608 1.62611e-05 8.80415e-06 7.28784e-06
609 1.68154e-05 7.66222e-06 7.28784e-06
610 1.58985e-05 1.02402e-05 7.28784e-06
611 1.62729e-05 0.000136817 7.28784e-06
612 1.69804e-05 4.48139e-05 7.28784e-06
613 1.53698e-05 1.52381e-05 7.28784e-06
614 1.66781e-05 1.63902e-05 7.28784e-06
615 1.67707e-05 7.02272e-06 7.28784e-06
616 1.72411e-05 1.02231e-05 7.02272e-06
617 1.53108e-05 8.68415e-06 7.02272e-06
618 1.60464e-05 1.37639e-05 7.02272e-06
619 1.69076e-05 9.58676e-06 7.02272e-06
620 1.61363e-05 1.29328e-05 7.02272e-06
621 1.60972e-05 7.93215e-06 7.02272e-06
622 1.74411e-05 7.45167e-06 7.02272e-06
623 1.56706e-05 7.74407e-06 7.02272e-06
624 1.63899e-05 1.33077e-05 7.02272e-06
625 1.61343e-05 1.49828e-05 7.02272e-06
626 1.69118e-05 1.37132e-05 7.02272e-06
627 1.72523e-05 7.2951e-06 7.02272e-06
628 1.53882e-05 1.02457e-05 7.02272e-06
629 1.61595e-05 1.00112e-05 7.02272e-06
630 1.66297e-05 1.76182e-05 7.02272e-06
631 1.59194e-05 5.13181e-05 7.02272e-06
632 1.60913e-05 1.75469e-05 7.02272e-06
633 1.60706e-05 1.54692e-05 7.02272e-06
634 1.58109e-05 4.90796e-05 7.02272e-06
635 1.75349e-05 8.24426e-06 7.02272e-06
636 1.62552e-05 1.0097e-05 7.02272e-06
637 1.59284e-05 8.6731e-06 7.02272e-06
638 1.5901e-05 1.64465e-05 7.02272e-06
639 1.64083e-05 3.06668e-05 7.02272e-06
640 1.59511e-05 7.39199e-06 7.02272e-06
641 1.59446e-05 1.52476e-05 7.02272e-06
642 1.64642e-05 1.2754e-05 7.02272e-06
643 1.60464e-05 9.99597e-06 7.02272e-06
644 1.63978e-05 9.27565e-06 7.02272e-06
645 1.61429e-05 1.47795e-05 7.02272e-06
646 1.56921e-05 1.93069e-05 7.02272e-06
647 1.5568e-05 8.72986e-06 7.02272e-06
648 1.59661e-05 1.16855e-05 7.02272e-06
649 1.67057e-05 8.993e-06 7.02272e-06
650 1.57377e-05 1.14446e-05 7.02272e-06
651 1.65152e-05 1.18039e-05 7.02272e-06
652 1.60322e-05 1.12446e-05 7.02272e-06
653 1.59302e-05 9.81431e-06 7.02272e-06
654 1.57888e-05 9.5432e-06 7.02272e-06
655 1.59888e-05 1.20152e-05 7.02272e-06
656 1.63492e-05 1.08553e-05 7.02272e-06
657 1.60095e-05 1.07487e-05 7.02272e-06
658 1.5637e-05 7.61027e-06 7.02272e-06
659 1.69248e-05 7.85513e-06 7.02272e-06
660 1.59448e-05 9.52072e-06 7.02272e-06
661 1.59034e-05 7.91601e-06 7.02272e-06
662 1.64453e-05 8.6289e-06 7.02272e-06
663 1.58283e-05 3.40893e-05 7.02272e-06
664 1.62967e-05 4.53317e-05 7.02272e-06
665 1.66898e-05 1.08182e-05 7.02272e-06
666 1.58566e-05 7.49174e-06 7.02272e-06
667 1.60708e-05 9.58172e-06 7.02272e-06
668 1.53326e-05 1.87753e-05 7.02272e-06
669 1.59626e-05 1.47913e-05 7.02272e-06
670 1.6034e-05 8.52569e-06 7.02272e-06
671 1.60405e-05 9.62581e-06 7.02272e-06
672 1.59056e-05 8.48347e-06 7.02272e-06
673 1.6219e-05 9.97528e-06 7.02272e-06
674 1.65002e-05 0.000124553 7.02272e-06
675 1.58684e-05 2.07414e-05 7.02272e-06
676 1.55632e-05 8.41747e-06 7.02272e-06
677 1.58256e-05 6.79094e-06 7.02272e-06
678 1.59001e-05 3.33133e-05 6.79094e-06
679 1.54243e-05 9.93726e-06 6.79094e-06
680 1.59736e-05 2.11986e-05 6.79094e-06
681 1.59348e-05 1.16054e-05 6.79094e-06
682 1.65176e-05 8.44608e-06 6.79094e-06
683 1.52485e-05 6.68441e-06 6.79094e-06
684 1.60285e-05 7.37337e-06 6.68441e-06
685 1.63833e-05 7.30037e-06 6.68441e-06
686 1.5289e-05 1.97987e-05 6.68441e-06
687 1.56985e-05 7.28889e-06 6.68441e-06
688 1.53194e-05 1.27884e-05 6.68441e-06
689 1.58578e-05 1.25083e-05 6.68441e-06
690 1.54495e-05 1.94727e-05 6.68441e-06
691 1.55997e-05 9.84413e-06 6.68441e-06
692 1.5486e-05 7.8954e-06 6.68441e-06
693 1.51864e-05 1.38487e-05 6.68441e-06
694 1.60573e-05 1.09158e-05 6.68441e-06
695 1.54979e-05 7.19389e-06 6.68441e-06
696 1.56568e-05 1.37495e-05 6.68441e-06
697 1.52514e-05 7.66794e-06 6.68441e-06
698 1.52175e-05 8.65125e-06 6.68441e-06
699 1.56156e-05 8.0257e-06 6.68441e-06
700 1.51722e-05 1.17853e-05 6.68441e-06
701 1.5289e-05 1.52064e-05 6.68441e-06
702 1.51288e-05 7.06548e-06 6.68441e-06
703 1.58226e-05 1.03236e-05 6.68441e-06
704 1.60297e-05 1.90268e-05 6.68441e-06
705 1.54829e-05 9.96243e-06 6.68441e-06
706 1.56755e-05 1.10934e-05 6.68441e-06
707 1.62041e-05 7.73685e-06 6.68441e-06
708 1.51193e-05 1.4854e-05 6.68441e-06
709 1.51982e-05 1.02806e-05 6.68441e-06
710 1.59493e-05 1.41318e-05 6.68441e-06
711 1.60632e-05 7.42725e-06 6.68441e-06
712 1.43269e-05 9.70529e-06 6.68441e-06
713 1.51873e-05 1.19057e-05 6.68441e-06
714 1.54671e-05 1.5183e-05 6.68441e-06
715 1.50854e-05 3.79039e-05 6.68441e-06
716 1.58985e-05 2.17712e-05 6.68441e-06
717 1.51217e-05 1.26811e-05 6.68441e-06
718 1.54333e-05 9.46152e-06 6.68441e-06
719 1.5622e-05 7.33932e-06 6.68441e-06
720 1.544e-05 1.18356e-05 6.68441e-06
721 1.56577e-05 3.57048e-05 6.68441e-06
722 1.49636e-05 7.02543e-06 6.68441e-06
723 1.52534e-05 3.05987e-05 6.68441e-06
724 1.57565e-05 9.26359e-06 6.68441e-06
725 1.52922e-05 1.57137e-05 6.68441e-06
726 1.54255e-05 8.60436e-06 6.68441e-06
727 1.52781e-05 4.82498e-05 6.68441e-06
728 1.49429e-05 1.15552e-05 6.68441e-06
729 1.52494e-05 7.37512e-06 6.68441e-06
730 1.54521e-05 9.89427e-06 6.68441e-06
731 1.47489e-05 1.34601e-05 6.68441e-06
732 1.55641e-05 1.11641e-05 6.68441e-06
733 1.53976e-05 1.41676e-05 6.68441e-06
734 1.53022e-05 7.87162e-05 6.68441e-06
735 1.5236e-05 7.87058e-06 6.68441e-06
736 1.50881e-05 9.06144e-06 6.68441e-06
737 1.47853e-05 2.80233e-05 6.68441e-06
738 1.54652e-05 8.05298e-06 6.68441e-06
739 1.52836e-05 2.33451e-05 6.68441e-06
740 1.52361e-05 1.01734e-05 6.68441e-06
741 1.53511e-05 3.66448e-05 6.68441e-06
742 1.49905e-05 8.03755e-06 6.68441e-06
743 1.48992e-05 1.03421e-05 6.68441e-06
744 1.52585e-05 1.25078e-05 6.68441e-06
745 1.54331e-05 8.31025e-06 6.68441e-06
746 1.48457e-05 9.60019e-06 6.68441e-06
747 1.46049e-05 7.3023e-05 6.68441e-06
748 1.51144e-05 7.41256e-06 6.68441e-06
749 1.5513e-05 1.15953e-05 6.68441e-06
750 1.5858e-05 7.03688e-06 6.68441e-06
751 1.52101e-05 9.34637e-06 6.68441e-06
752 1.44598e-05 1.12622e-05 6.68441e-06
753 1.51828e-05 1.71873e-05 6.68441e-06
754 1.48419e-05 1.68055e-05 6.68441e-06
755 1.56741e-05 7.29722e-06 6.68441e-06
756 1.53863e-05 8.77144e-06 6.68441e-06
757 1.6119e-05 1.14808e-05 6.68441e-06
758 1.4494e-05 6.88721e-05 6.68441e-06
759 1.4733e-05 1.41906e-05 6.68441e-06
760 1.45646e-05 7.2595e-06 6.68441e-06
761 1.4791e-05 1.10482e-05 6.68441e-06
762 1.60794e-05 1.30392e-05 6.68441e-06
763 1.52086e-05 1.89379e-05 6.68441e-06
764 1.5368e-05 1.89454e-05 6.68441e-06
765 1.45188e-05 1.18313e-05 6.68441e-06
766 1.50638e-05 9.23013e-06 6.68441e-06
767 1.43751e-05 9.00537e-06 6.68441e-06
768 1.55854e-05 1.12175e-05 6.68441e-06
769 1.52096e-05 8.48565e-06 6.68441e-06
770 1.55501e-05 6.92489e-06 6.68441e-06
771 1.4529e-05 9.04648e-06 6.68441e-06
772 1.5013e-05 1.33735e-05 6.68441e-06
773 1.44871e-05 9.95763e-06 6.68441e-06
774 1.50357e-05 1.09268e-05 6.68441e-06
775 1.48242e-05 3.18469e-05 6.68441e-06
776 1.54491e-05 9.37447e-06 6.68441e-06
777 1.4966e-05 8.12976e-06 6.68441e-06
778 1.48612e-05 2.33014e-05 6.68441e-06
779 1.50708e-05 2.00671e-05 6.68441e-06
780 1.51313e-05 5.59898e-05 6.68441e-06
781 1.50812e-05 1.17783e-05 6.68441e-06
782 1.45719e-05 1.05218e-05 6.68441e-06
783 1.49772e-05 2.8241e-05 6.68441e-06
784 5.69725e-06 5.80843e-06 6.68441e-06
785 5.59277e-06 6.18083e-06 5.80843e-06
786 5.55706e-06 6.44986e-06 5.80843e-06
787 5.47281e-06 5.90656e-06 5.80843e-06
788 5.45079e-06 5.80027e-06 5.80843e-06
789 5.4158e-06 5.8896e-06 5.80027e-06
790 5.41492e-06 5.83961e-06 5.80027e-06
791 5.35966e-06 5.83792e-06 5.80027e-06
792 5.33487e-06 5.71462e-06 5.80027e-06
793 5.35592e-06 5.80021e-06 5.71462e-06
794 5.32871e-06 6.29259e-06 5.71462e-06
795 5.32534e-06 5.83675e-06 5.71462e-06
796 5.29642e-06 5.56169e-06 5.71462e-06
797 5.28344e-06 6.25523e-06 5.56169e-06
798 5.30242e-06 6.09894e-06 5.56169e-06
799 5.26044e-06 5.51419e-06 5.56169e-06
800 5.26036e-06 6.28586e-06 5.51419e-06
801 5.26e-06 7.30293e-06 5.51419e-06
802 5.25231e-06 6.70504e-06 5.51419e-06
803 5.21773e-06 5.5085e-06 5.51419e-06
804 5.20924e-06 5.47953e-06 5.5085e-06
805 5.20745e-06 7.07883e-06 5.47953e-06
806 5.20351e-06 5.59091e-06 5.47953e-06
807 5.19687e-06 5.61525e-06 5.47953e-06
808 5.18531e-06 5.57364e-06 5.47953e-06
809 5.2032e-06 6.41822e-06 5.47953e-06
810 5.18857e-06 5.57567e-06 5.47953e-06
811 5.17713e-06 5.51515e-06 5.47953e-06
812 5.16507e-06 5.96182e-06 5.47953e-06
813 5.16873e-06 5.49832e-06 5.47953e-06
814 5.14308e-06 5.63433e-06 5.47953e-06
815 5.16687e-06 7.129e-06 5.47953e-06
816 5.12435e-06 6.48212e-06 5.47953e-06
817 5.14776e-06 5.44871e-06 5.47953e-06
818 5.14002e-06 6.2609e-06 5.44871e-06
819 5.11894e-06 6.15899e-06 5.44871e-06
820 5.12618e-06 6.3562e-06 5.44871e-06
821 5.10196e-06 5.2863e-06 5.44871e-06
822 5.09186e-06 5.64633e-06 5.2863e-06
823 5.12178e-06 6.66286e-06 5.2863e-06
824 5.14321e-06 5.67111e-06 5.2863e-06
825 5.09344e-06 5.89402e-06 5.2863e-06
826 5.08211e-06 5.46941e-06 5.2863e-06
827 5.09248e-06 5.58265e-06 5.2863e-06
828 5.05948e-06 5.65243e-06 5.2863e-06
829 5.1594e-06 5.58787e-06 5.2863e-06
830 5.07607e-06 5.32444e-06 5.2863e-06
831 5.04646e-06 5.51243e-06 5.2863e-06
832 5.05725e-06 5.82529e-06 5.2863e-06
833 5.04617e-06 5.31677e-06 5.2863e-06
834 5.05099e-06 5.41883e-06 5.2863e-06
835 5.09197e-06 7.0815e-06 5.2863e-06
836 5.06374e-06 5.40698e-06 5.2863e-06
837 5.05849e-06 5.4909e-06 5.2863e-06
838 5.03542e-06 5.62057e-06 5.2863e-06
839 5.04619e-06 5.80459e-06 5.2863e-06
840 5.03899e-06 5.81671e-06 5.2863e-06
841 5.01829e-06 5.30489e-06 5.2863e-06
842 5.04744e-06 5.40836e-06 5.2863e-06
843 4.99873e-06 5.33798e-06 5.2863e-06
844 5.01844e-06 6.57006e-06 5.2863e-06
845 5.0111e-06 5.52601e-06 5.2863e-06
846 5.02673e-06 5.2572e-06 5.2863e-06
847 5.01391e-06 5.31385e-06 5.2572e-06
848 5.01132e-06 6.83937e-06 5.2572e-06
849 4.9973e-06 5.28931e-06 5.2572e-06
850 5.07747e-06 5.39398e-06 5.2572e-06
851 5.0033e-06 5.87075e-06 5.2572e-06
852 4.99171e-06 6.12062e-06 5.2572e-06
853 5.00362e-06 5.67578e-06 5.2572e-06
854 5.00447e-06 5.63767e-06 5.2572e-06
855 4.96265e-06 5.17092e-06 5.2572e-06
856 5.00191e-06 5.36844e-06 5.17092e-06
857 4.96368e-06 5.63372e-06 5.17092e-06
858 4.99416e-06 5.45305e-06 5.17092e-06
859 4.97786e-06 5.70073e-06 5.17092e-06
860 4.94395e-06 5.27929e-06 5.17092e-06
861 4.94514e-06 6.02469e-06 5.17092e-06
862 4.95658e-06 5.2117e-06 5.17092e-06
863 4.99839e-06 5.98136e-06 5.17092e-06
864 4.9482e-06 6.79044e-06 5.17092e-06
865 4.94444e-06 5.70754e-06 5.17092e-06
866 4.94509e-06 5.21624e-06 5.17092e-06
867 4.94967e-06 5.28119e-06 5.17092e-06
868 4.92127e-06 5.45049e-06 5.17092e-06
869 4.92503e-06 5.17308e-06 5.17092e-06
870 4.93704e-06 5.22079e-06 5.17092e-06
871 4.94029e-06 5.26252e-06 5.17092e-06
872 4.94553e-06 9.29625e-06 5.17092e-06
873 4.97455e-06 5.29952e-06 5.17092e-06
874 4.92562e-06 5.48428e-06 5.17092e-06
875 4.8995e-06 6.29726e-06 5.17092e-06
876 4.90815e-06 5.2178e-06 5.17092e-06
877 4.90821e-06 5.18939e-06 5.17092e-06
878 4.90587e-06 5.37346e-06 5.17092e-06
879 4.89719e-06 5.58435e-06 5.17092e-06
880 4.89105e-06 5.37225e-06 5.17092e-06
881 4.8875e-06 5.82001e-06 5.17092e-06
882 4.90988e-06 5.53501e-06 5.17092e-06
883 4.87606e-06 6.71269e-06 5.17092e-06
884 4.88943e-06 6.089e-06 5.17092e-06
885 4.91184e-06 6.18698e-06 5.17092e-06
886 4.8969e-06 5.22601e-06 5.17092e-06
887 4.88345e-06 5.78184e-06 5.17092e-06
888 4.87385e-06 9.28814e-06 5.17092e-06
889 4.8684e-06 6.55566e-06 5.17092e-06
890 4.88001e-06 5.25971e-06 5.17092e-06
891 4.85663e-06 5.15587e-06 5.17092e-06
892 4.85644e-06 6.52424e-06 5.15587e-06
893 4.88124e-06 5.14534e-06 5.15587e-06
894 4.86219e-06 5.14932e-06 5.14534e-06
895 4.87557e-06 5.41386e-06 5.14534e-06
896 4.88261e-06 5.16693e-06 5.14534e-06
897 4.87221e-06 5.37808e-06 5.14534e-06
898 4.84503e-06 5.48496e-06 5.14534e-06
899 4.84928e-06 6.24753e-06 5.14534e-06
900 4.83099e-06 5.04978e-06 5.14534e-06
901 4.93118e-06 7.28989e-06 5.04978e-06
902 4.85108e-06 7.25542e-06 5.04978e-06
903 4.83616e-06 5.54466e-06 5.04978e-06
904 4.83734e-06 5.59503e-06 5.04978e-06
905 4.85367e-06 6.80832e-06 5.04978e-06
906 4.82861e-06 5.10753e-06 5.04978e-06
907 4.83575e-06 5.26862e-06 5.04978e-06
908 4.83603e-06 5.19204e-06 5.04978e-06
909 4.85854e-06 5.52549e-06 5.04978e-06
910 4.84757e-06 6.26234e-06 5.04978e-06
911 4.81679e-06 5.11736e-06 5.04978e-06
912 4.95765e-06 5.13043e-06 5.04978e-06
913 4.82666e-06 5.23723e-06 5.04978e-06
914 4.80258e-06 5.106e-06 5.04978e-06
915 4.82435e-06 4.98857e-06 5.04978e-06
916 4.83396e-06 5.22447e-06 4.98857e-06
917 4.82164e-06 8.93929e-06 4.98857e-06
918 4.86096e-06 6.13536e-06 4.98857e-06
919 4.83476e-06 5.06564e-06 4.98857e-06
920 4.81983e-06 5.16452e-06 4.98857e-06
921 4.81661e-06 5.20988e-06 4.98857e-06
922 4.79511e-06 5.24849e-06 4.98857e-06
923 4.81017e-06 6.5693e-06 4.98857e-06
924 4.92032e-06 5.25584e-06 4.98857e-06
925 4.80967e-06 5.01903e-06 4.98857e-06
926 4.79938e-06 5.05222e-06 4.98857e-06
927 4.81454e-06 5.9432e-06 4.98857e-06
928 4.79118e-06 5.0827e-06 4.98857e-06
929 4.78553e-06 5.3128e-06 4.98857e-06
930 4.7999e-06 5.29332e-06 4.98857e-06
931 4.77204e-06 5.0181e-06 4.98857e-06
932 4.84561e-06 5.03384e-06 4.98857e-06
933 4.77566e-06 6.54013e-06 4.98857e-06
934 4.79176e-06 5.13333e-06 4.98857e-06
935 4.78492e-06 5.14303e-06 4.98857e-06
936 4.7504e-06 5.33233e-06 4.98857e-06
937 4.78448e-06 5.46017e-06 4.98857e-06
938 4.77799e-06 5.07478e-06 4.98857e-06
939 4.78e-06 5.01421e-06 4.98857e-06
940 4.79211e-06 5.76958e-06 4.98857e-06
941 4.78693e-06 5.36329e-06 4.98857e-06
942 4.77923e-06 5.24501e-06 4.98857e-06
943 4.77156e-06 5.59579e-06 4.98857e-06
944 4.77718e-06 5.07708e-06 4.98857e-06
945 4.76199e-06 5.0885e-06 4.98857e-06
946 4.78104e-06 4.96389e-06 4.98857e-06
947 4.78649e-06 5.30735e-06 4.96389e-06
948 4.7718e-06 5.26727e-06 4.96389e-06
949 4.74888e-06 5.2549e-06 4.96389e-06
950 4.75321e-06 5.10101e-06 4.96389e-06
951 4.74407e-06 5.61973e-06 4.96389e-06
952 4.73254e-06 5.4667e-06 4.96389e-06
953 4.71876e-06 5.12725e-06 4.96389e-06
954 4.74917e-06 5.21557e-06 4.96389e-06
955 4.75523e-06 5.80375e-06 4.96389e-06
956 4.77279e-06 6.05748e-06 4.96389e-06
957 4.74405e-06 5.91252e-06 4.96389e-06
958 4.74267e-06 5.15084e-06 4.96389e-06
959 4.73765e-06 6.08713e-06 4.96389e-06
960 4.80188e-06 5.72207e-06 4.96389e-06
961 4.73377e-06 5.30885e-06 4.96389e-06
962 4.78809e-06 5.52128e-06 4.96389e-06
963 4.73039e-06 6.93407e-06 4.96389e-06
964 4.73241e-06 5.16493e-06 4.96389e-06
965 4.72709e-06 5.06019e-06 4.96389e-06
966 4.73076e-06 4.97427e-06 4.96389e-06
967 4.71408e-06 5.23508e-06 4.96389e-06
968 4.73906e-06 7.10398e-06 4.96389e-06
969 4.72524e-06 5.21067e-06 4.96389e-06
970 4.7422e-06 5.00824e-06 4.96389e-06
971 4.69834e-06 5.01405e-06 4.96389e-06
972 4.71564e-06 5.15984e-06 4.96389e-06
973 4.72262e-06 6.28908e-06 4.96389e-06
974 4.71279e-06 6.09328e-06 4.96389e-06
975 4.7211e-06 5.13125e-06 4.96389e-06
976 4.74621e-06 7.38575e-06 4.96389e-06
977 4.69391e-06 4.95293e-06 4.96389e-06
978 4.71854e-06 6.54138e-06 4.95293e-06
979 4.69507e-06 5.70687e-06 4.95293e-06
980 4.70004e-06 5.0428e-06 4.95293e-06
981 4.72359e-06 5.16206e-06 4.95293e-06
982 4.67443e-06 5.05103e-06 4.95293e-06
983 4.71018e-06 5.38615e-06 4.95293e-06
984 4.7342e-06 5.23753e-06 4.95293e-06
985 4.77857e-06 5.80373e-06 4.95293e-06
986 4.72008e-06 5.13686e-06 4.95293e-06
987 4.69705e-06 4.96762e-06 4.95293e-06
988 4.69239e-06 5.14195e-06 4.95293e-06
989 4.68377e-06 5.49671e-06 4.95293e-06
990 4.7053e-06 4.87995e-06 4.95293e-06
991 4.69774e-06 4.9805e-06 4.87995e-06
992 4.70802e-06 4.83835e-06 4.87995e-06
993 4.66763e-06 5.92398e-06 4.83835e-06
994 4.69528e-06 5.74577e-06 4.83835e-06
995 4.69565e-06 5.69355e-06 4.83835e-06
996 4.68626e-06 5.34433e-06 4.83835e-06
997 4.75901e-06 4.98447e-06 4.83835e-06
998 4.68446e-06 5.23549e-06 4.83835e-06
999 4.69833e-06 5.00833e-06 4.83835e-06
1000 4.66835e-06 5.01573e-06 4.83835e-06
1001 4.75014e-06 5.32237e-06 4.83835e-06
1002 4.68786e-06 4.9083e-06 4.83835e-06
1003 4.66128e-06 4.90846e-06 4.83835e-06
1004 4.66175e-06 5.64426e-06 4.83835e-06
1005 4.69549e-06 5.97875e-06 4.83835e-06
1006 4.6619e-06 4.87289e-06 4.83835e-06
1007 4.64427e-06 4.8863e-06 4.83835e-06
1008 4.65973e-06 5.05463e-06 4.83835e-06
1009 4.66529e-06 4.90886e-06 4.83835e-06
1010 4.68845e-06 4.99714e-06 4.83835e-06
1011 4.65266e-06 4.83108e-06 4.83835e-06
1012 4.66423e-06 5.34706e-06 4.83108e-06
1013 4.66828e-06 4.923e-06 4.83108e-06
1014 4.65556e-06 4.87428e-06 4.83108e-06
1015 4.65859e-06 5.00484e-06 4.83108e-06
1016 4.68664e-06 5.50262e-06 4.83108e-06
1017 4.71049e-06 5.09296e-06 4.83108e-06
1018 4.67923e-06 5.85471e-06 4.83108e-06
1019 4.61895e-06 5.76347e-06 4.83108e-06
1020 4.65907e-06 4.86045e-06 4.83108e-06
1021 4.69032e-06 5.56422e-06 4.83108e-06
1022 4.65734e-06 5.78417e-06 4.83108e-06
1023 4.65532e-06 4.83854e-06 4.83108e-06
1024 4.63957e-06 4.85322e-06 4.83108e-06
1025 4.61772e-06 4.86766e-06 4.83108e-06
1026 4.64869e-06 5.09276e-06 4.83108e-06
1027 4.64304e-06 4.83998e-06 4.83108e-06
1028 4.6518e-06 5.41425e-06 4.83108e-06
1029 4.61898e-06 4.81224e-06 4.83108e-06
1030 4.63117e-06 5.99078e-06 4.81224e-06
1031 4.63754e-06 4.93214e-06 4.81224e-06
1032 4.64817e-06 4.84817e-06 4.81224e-06
1033 4.62778e-06 5.15657e-06 4.81224e-06
1034 4.63968e-06 5.28722e-06 4.81224e-06
1035 4.61439e-06 4.79508e-06 4.81224e-06
1036 4.62835e-06 4.89065e-06 4.79508e-06
1037 4.61521e-06 5.20537e-06 4.79508e-06
1038 4.6164e-06 5.52212e-06 4.79508e-06
1039 4.65897e-06 6.04234e-06 4.79508e-06
1040 4.61716e-06 5.55273e-06 4.79508e-06
1041 4.62584e-06 9.32429e-06 4.79508e-06
1042 4.63886e-06 5.53324e-06 4.79508e-06
1043 4.6338e-06 5.40741e-06 4.79508e-06
1044 4.611e-06 5.34682e-06 4.79508e-06
1045 4.63086e-06 6.28987e-06 4.79508e-06
1046 4.61857e-06 4.98525e-06 4.79508e-06
1047 4.61243e-06 5.5185e-06 4.79508e-06
1048 4.61645e-06 5.39539e-06 4.79508e-06
1049 4.59504e-06 5.2596e-06 4.79508e-06
1050 4.60284e-06 5.08633e-06 4.79508e-06
1051 4.60111e-06 5.7976e-06 4.79508e-06
1052 4.6077e-06 5.37713e-06 4.79508e-06
1053 4.62212e-06 6.63654e-06 4.79508e-06
1054 4.60619e-06 4.78087e-06 4.79508e-06
1055 4.59933e-06 5.02503e-06 4.78087e-06
1056 4.62461e-06 5.75263e-06 4.78087e-06
1057 4.58961e-06 5.11547e-06 4.78087e-06
1058 4.6084e-06 5.2701e-06 4.78087e-06
1059 4.60815e-06 5.99202e-06 4.78087e-06
1060 4.59921e-06 5.04276e-06 4.78087e-06
1061 4.5923e-06 5.742e-06 4.78087e-06
1062 4.60336e-06 4.83646e-06 4.78087e-06
1063 4.6201e-06 4.96644e-06 4.78087e-06
1064 4.60013e-06 6.01172e-06 4.78087e-06
1065 4.61553e-06 4.86944e-06 4.78087e-06
1066 4.66318e-06 5.29244e-06 4.78087e-06
1067 4.69716e-06 5.60575e-06 4.78087e-06
1068 4.62573e-06 4.95768e-06 4.78087e-06
1069 4.60345e-06 4.86227e-06 4.78087e-06
1070 4.57846e-06 5.10296e-06 4.78087e-06
1071 4.65089e-06 5.06146e-06 4.78087e-06
1072 4.60474e-06 5.39148e-06 4.78087e-06
1073 4.58606e-06 5.08891e-06 4.78087e-06
1074 4.57706e-06 5.0917e-06 4.78087e-06
1075 4.58348e-06 6.07883e-06 4.78087e-06
1076 4.56695e-06 5.40698e-06 4.78087e-06
1077 4.60366e-06 4.81991e-06 4.78087e-06
1078 4.57877e-06 5.67404e-06 4.78087e-06
1079 4.58111e-06 5.55614e-06 4.78087e-06
1080 4.57693e-06 5.36113e-06 4.78087e-06
1081 4.56657e-06 4.87343e-06 4.78087e-06
1082 4.59301e-06 4.91291e-06 4.78087e-06
1083 4.5777e-06 5.51644e-06 4.78087e-06
1084 4.57419e-06 4.87272e-06 4.78087e-06
1085 4.56552e-06 5.15912e-06 4.78087e-06
1086 4.54917e-06 4.95178e-06 4.78087e-06
1087 4.56938e-06 6.12006e-06 4.78087e-06
1088 4.58683e-06 5.0133e-06 4.78087e-06
1089 4.60448e-06 6.91709e-06 4.78087e-06
1090 4.55522e-06 6.38606e-06 4.78087e-06
1091 4.55575e-06 4.79414e-06 4.78087e-06
1092 4.56815e-06 5.98261e-06 4.78087e-06
1093 4.55638e-06 5.11438e-06 4.78087e-06
1094 4.5476e-06 5.68344e-06 4.78087e-06
1095 4.55847e-06 5.19391e-06 4.78087e-06
1096 4.56854e-06 4.7645e-06 4.78087e-06
1097 4.5649e-06 4.79802e-06 4.7645e-06
1098 4.53965e-06 5.29191e-06 4.7645e-06
1099 4.57212e-06 4.78217e-06 4.7645e-06
1100 4.54401e-06 4.92156e-06 4.7645e-06
1101 4.55735e-06 5.30421e-06 4.7645e-06
1102 4.5335e-06 6.0945e-06 4.7645e-06
1103 4.61718e-06 4.84693e-06 4.7645e-06
1104 4.64579e-06 5.08324e-06 4.7645e-06
1105 4.5486e-06 4.91471e-06 4.7645e-06
1106 4.56249e-06 4.95581e-06 4.7645e-06
1107 4.56314e-06 4.97907e-06 4.7645e-06
1108 4.56989e-06 5.90846e-06 4.7645e-06
1109 4.58959e-06 4.80879e-06 4.7645e-06
1110 4.53888e-06 4.80903e-06 4.7645e-06
1111 4.55707e-06 6.34255e-06 4.7645e-06
1112 4.53667e-06 4.87431e-06 4.7645e-06
1113 4.57684e-06 4.8925e-06 4.7645e-06
1114 4.51829e-06 4.87328e-06 4.7645e-06
1115 4.54954e-06 5.01883e-06 4.7645e-06
1116 4.53851e-06 4.91694e-06 4.7645e-06
1117 4.53811e-06 4.78523e-06 4.7645e-06
1118 4.53717e-06 4.90613e-06 4.7645e-06
1119 4.54042e-06 5.10209e-06 4.7645e-06
1120 4.53825e-06 5.27099e-06 4.7645e-06
1121 4.56441e-06 8.28505e-06 4.7645e-06
1122 4.51116e-06 5.26762e-06 4.7645e-06
1123 4.50339e-06 5.47982e-06 4.7645e-06
1124 4.53908e-06 4.81498e-06 4.7645e-06
1125 4.54063e-06 4.84399e-06 4.7645e-06
1126 4.51582e-06 7.50241e-06 4.7645e-06
1127 4.53562e-06 4.97098e-06 4.7645e-06
1128 4.54428e-06 5.08119e-06 4.7645e-06
1129 4.53556e-06 4.81263e-06 4.7645e-06
1130 4.53097e-06 4.88385e-06 4.7645e-06
1131 4.50871e-06 4.93771e-06 4.7645e-06
1132 4.56144e-06 4.86328e-06 4.7645e-06
1133 4.53892e-06 4.77557e-06 4.7645e-06
1134 4.50308e-06 5.59714e-06 4.7645e-06
1135 4.49215e-06 5.2996e-06 4.7645e-06
1136 4.50779e-06 6.1141e-06 4.7645e-06
1137 4.58751e-06 4.7145e-06 4.7645e-06
1138 4.51618e-06 4.71671e-06 4.7145e-06
1139 4.51689e-06 4.94692e-06 4.7145e-06
1140 4.50591e-06 7.80658e-06 4.7145e-06
1141 4.53295e-06 4.84988e-06 4.7145e-06
1142 4.49521e-06 4.90021e-06 4.7145e-06
1143 4.50991e-06 7.73442e-06 4.7145e-06
1144 4.61401e-06 4.85003e-06 4.7145e-06
1145 4.55348e-06 4.76216e-06 4.7145e-06
1146 4.50916e-06 4.82491e-06 4.7145e-06
1147 4.51155e-06 4.85425e-06 4.7145e-06
1148 4.5148e-06 4.82583e-06 4.7145e-06
1149 4.48491e-06 5.4829e-06 4.7145e-06
1150 4.59767e-06 5.24859e-06 4.7145e-06
1151 4.52837e-06 5.88604e-06 4.7145e-06
1152 4.52415e-06 4.96491e-06 4.7145e-06
1153 4.47888e-06 4.9468e-06 4.7145e-06
1154 4.55275e-06 5.21977e-06 4.7145e-06
1155 4.47641e-06 5.55253e-06 4.7145e-06
1156 4.55264e-06 5.25013e-06 4.7145e-06
1157 4.50763e-06 6.07214e-06 4.7145e-06
1158 4.48285e-06 4.99063e-06 4.7145e-06
1159 4.50056e-06 4.68419e-06 4.7145e-06
1160 4.48851e-06 4.94949e-06 4.68419e-06
1161 4.4854e-06 5.08151e-06 4.68419e-06
1162 4.50496e-06 5.45195e-06 4.68419e-06
1163 4.50636e-06 6.41828e-06 4.68419e-06
1164 4.48756e-06 4.81906e-06 4.68419e-06
1165 4.50493e-06 5.28129e-06 4.68419e-06
1166 4.47937e-06 4.67913e-06 4.68419e-06
1167 4.51328e-06 4.7993e-06 4.67913e-06
1168 4.49965e-06 5.63255e-06 4.67913e-06
1169 4.49992e-06 4.7347e-06 4.67913e-06
1170 4.47751e-06 4.68659e-06 4.67913e-06
1171 4.49558e-06 5.19497e-06 4.67913e-06
1172 4.49662e-06 4.89314e-06 4.67913e-06
1173 4.48927e-06 4.70745e-06 4.67913e-06
1174 4.46544e-06 5.22557e-06 4.67913e-06
1175 4.4645e-06 4.75323e-06 4.67913e-06
1176 4.50083e-06 5.27231e-06 4.67913e-06
1177 4.47863e-06 5.18002e-06 4.67913e-06
1178 4.48354e-06 5.66893e-06 4.67913e-06
1179 4.48782e-06 5.87493e-06 4.67913e-06
1180 4.47819e-06 5.14457e-06 4.67913e-06
1181 4.47249e-06 7.62472e-06 4.67913e-06
1182 4.46488e-06 4.69049e-06 4.67913e-06
1183 4.46052e-06 4.74667e-06 4.67913e-06
1184 4.48752e-06 6.01599e-06 4.67913e-06
1185 4.46351e-06 4.94309e-06 4.67913e-06
1186 4.59606e-06 6.26222e-06 4.67913e-06
1187 4.48629e-06 5.43065e-06 4.67913e-06
1188 4.4762e-06 5.13744e-06 4.67913e-06
1189 4.4769e-06 4.64207e-06 4.67913e-06
1190 4.47582e-06 4.76441e-06 4.64207e-06
1191 4.45861e-06 4.83478e-06 4.64207e-06
1192 4.48484e-06 4.83812e-06 4.64207e-06
1193 4.49607e-06 4.80957e-06 4.64207e-06
1194 4.46501e-06 4.80644e-06 4.64207e-06
1195 4.45261e-06 7.26088e-06 4.64207e-06
1196 4.46486e-06 4.86858e-06 4.64207e-06
1197 4.4479e-06 4.73941e-06 4.64207e-06
1198 4.45356e-06 4.74078e-06 4.64207e-06
1199 4.4647e-06 4.73996e-06 4.64207e-06
1200 4.45738e-06 4.76944e-06 4.64207e-06
1201 4.46165e-06 5.28265e-06 4.64207e-06
1202 4.46428e-06 4.85247e-06 4.64207e-06
1203 4.46183e-06 6.825e-06 4.64207e-06
1204 4.45835e-06 4.96347e-06 4.64207e-06
1205 4.46114e-06 4.83355e-06 4.64207e-06
1206 4.4586e-06 4.98762e-06 4.64207e-06
1207 4.45078e-06 5.27484e-06 4.64207e-06
1208 4.44824e-06 5.70069e-06 4.64207e-06
1209 4.46129e-06 5.30471e-06 4.64207e-06
1210 4.46854e-06 5.77845e-06 4.64207e-06
1211 4.45873e-06 5.31356e-06 4.64207e-06
1212 4.42887e-06 4.82781e-06 4.64207e-06
1213 4.44451e-06 4.88198e-06 4.64207e-06
1214 4.44194e-06 5.4893e-06 4.64207e-06
1215 4.45097e-06 5.55538e-06 4.64207e-06
1216 4.46938e-06 4.62224e-06 4.64207e-06
1217 4.4502e-06 4.73674e-06 4.62224e-06
1218 4.43502e-06 4.99571e-06 4.62224e-06
1219 4.42133e-06 5.52279e-06 4.62224e-06
1220 4.44389e-06 5.63255e-06 4.62224e-06
1221 4.45119e-06 5.13086e-06 4.62224e-06
1222 4.43574e-06 4.88251e-06 4.62224e-06
1223 4.45479e-06 4.81394e-06 4.62224e-06
1224 4.46506e-06 4.8574e-06 4.62224e-06
1225 4.44779e-06 5.166e-06 4.62224e-06
1226 4.44695e-06 5.40954e-06 4.62224e-06
1227 4.42129e-06 5.15562e-06 4.62224e-06
1228 4.42396e-06 5.14415e-06 4.62224e-06
1229 4.42592e-06 6.22884e-06 4.62224e-06
1230 4.4356e-06 4.90369e-06 4.62224e-06
1231 4.443e-06 4.67959e-06 4.62224e-06
1232 4.44014e-06 4.71342e-06 4.62224e-06
1233 4.49992e-06 5.01133e-06 4.62224e-06
1234 4.41362e-06 5.49692e-06 4.62224e-06
1235 4.41754e-06 6.33948e-06 4.62224e-06
1236 4.42635e-06 4.69027e-06 4.62224e-06
1237 4.44283e-06 6.63386e-06 4.62224e-06
1238 4.42286e-06 5.07138e-06 4.62224e-06
1239 4.43711e-06 5.05888e-06 4.62224e-06
1240 4.4228e-06 4.78911e-06 4.62224e-06
1241 4.4358e-06 4.73862e-06 4.62224e-06
1242 4.42094e-06 4.78676e-06 4.62224e-06
1243 4.44962e-06 5.67165e-06 4.62224e-06
1244 4.42651e-06 4.80498e-06 4.62224e-06
1245 4.42589e-06 5.26043e-06 4.62224e-06
1246 4.40064e-06 5.82856e-06 4.62224e-06
1247 4.42091e-06 5.77037e-06 4.62224e-06
1248 4.43073e-06 5.48035e-06 4.62224e-06
1249 4.4156e-06 5.03786e-06 4.62224e-06
1250 4.43543e-06 4.74918e-06 4.62224e-06
1251 4.41417e-06 7.14812e-06 4.62224e-06
1252 4.41464e-06 5.84717e-06 4.62224e-06
1253 4.401e-06 5.28002e-06 4.62224e-06
1254 4.40526e-06 4.88037e-06 4.62224e-06
1255 4.41758e-06 4.87341e-06 4.62224e-06
1256 4.42995e-06 4.93018e-06 4.62224e-06
1257 4.40927e-06 4.80302e-06 4.62224e-06
1258 4.4096e-06 4.71771e-06 4.62224e-06
1259 4.41865e-06 4.69051e-06 4.62224e-06
1260 4.40618e-06 4.60279e-06 4.62224e-06
1261 4.39686e-06 6.67924e-06 4.60279e-06
1262 4.3821e-06 5.20193e-06 4.60279e-06
1263 4.40349e-06 5.87795e-06 4.60279e-06
1264 4.40674e-06 4.8071e-06 4.60279e-06
1265 4.40377e-06 4.90026e-06 4.60279e-06
1266 4.39236e-06 4.78385e-06 4.60279e-06
1267 4.40624e-06 4.83576e-06 4.60279e-06
1268 4.45838e-06 4.81618e-06 4.60279e-06
1269 4.42134e-06 6.92547e-06 4.60279e-06
1270 4.42686e-06 4.99358e-06 4.60279e-06
1271 4.57149e-06 4.88706e-06 4.60279e-06
1272 4.46829e-06 5.04113e-06 4.60279e-06
1273 4.39268e-06 5.37731e-06 4.60279e-06
1274 4.40728e-06 4.72182e-06 4.60279e-06
1275 4.37613e-06 4.9763e-06 4.60279e-06
1276 4.3824e-06 6.75447e-06 4.60279e-06
1277 4.39071e-06 4.75008e-06 4.60279e-06
1278 4.40015e-06 6.69676e-06 4.60279e-06
1279 4.42479e-06 5.0197e-06 4.60279e-06
1280 4.62778e-06 5.27679e-06 4.60279e-06
1281 4.42913e-06 4.75845e-06 4.60279e-06
1282 4.39113e-06 4.63811e-06 4.60279e-06
1283 4.39832e-06 4.62637e-06 4.60279e-06
1284 4.40219e-06 5.13562e-06 4.60279e-06
1285 4.40174e-06 4.70644e-06 4.60279e-06
1286 4.37714e-06 4.6759e-06 4.60279e-06
1287 4.40992e-06 4.86311e-06 4.60279e-06
1288 4.36576e-06 4.70921e-06 4.60279e-06
1289 4.37717e-06 6.47994e-06 4.60279e-06
1290 4.37867e-06 4.9918e-06 4.60279e-06
1291 4.40368e-06 5.05138e-06 4.60279e-06
1292 4.37589e-06 4.67856e-06 4.60279e-06
1293 4.39444e-06 4.66555e-06 4.60279e-06
1294 4.39401e-06 4.77055e-06 4.60279e-06
1295 4.38387e-06 4.65991e-06 4.60279e-06
1296 4.39074e-06 4.70911e-06 4.60279e-06
1297 4.3816e-06 5.51087e-06 4.60279e-06
1298 4.36377e-06 4.75562e-06 4.60279e-06
1299 4.37772e-06 5.03557e-06 4.60279e-06
1300 4.36586e-06 4.88692e-06 4.60279e-06
1301 4.37833e-06 5.28959e-06 4.60279e-06
1302 4.50587e-06 4.84132e-06 4.60279e-06
1303 4.43572e-06 4.98633e-06 4.60279e-06
1304 4.38144e-06 4.82194e-06 4.60279e-06
1305 4.3991e-06 4.92754e-06 4.60279e-06
1306 4.37808e-06 4.74636e-06 4.60279e-06
1307 4.35019e-06 4.66077e-06 4.60279e-06
1308 4.37722e-06 5.50103e-06 4.60279e-06
1309 4.40938e-06 6.46191e-06 4.60279e-06
1310 4.37099e-06 4.84687e-06 4.60279e-06
1311 4.37743e-06 4.86892e-06 4.60279e-06
1312 4.35184e-06 4.79177e-06 4.60279e-06
1313 4.35123e-06 5.92313e-06 4.60279e-06
1314 4.58004e-06 5.87175e-06 4.60279e-06
1315 4.36259e-06 5.91287e-06 4.60279e-06
1316 4.35614e-06 4.66495e-06 4.60279e-06
1317 4.39892e-06 5.74406e-06 4.60279e-06
1318 4.36383e-06 4.95835e-06 4.60279e-06
1319 4.35087e-06 4.76456e-06 4.60279e-06
1320 4.37037e-06 5.42377e-06 4.60279e-06
1321 4.36635e-06 5.70155e-06 4.60279e-06
1322 4.36115e-06 4.87128e-06 4.60279e-06
1323 4.3595e-06 1.00777e-05 4.60279e-06
1324 4.35318e-06 4.97562e-06 4.60279e-06
1325 4.38427e-06 4.55961e-06 4.60279e-06
1326 4.34256e-06 5.17094e-06 4.55961e-06
1327 4.37469e-06 6.41826e-06 4.55961e-06
1328 4.36439e-06 4.79538e-06 4.55961e-06
1329 4.47488e-06 4.65901e-06 4.55961e-06
1330 4.35849e-06 4.62104e-06 4.55961e-06
1331 4.36504e-06 4.59936e-06 4.55961e-06
1332 4.34465e-06 6.3755e-06 4.55961e-06
1333 4.35062e-06 4.71545e-06 4.55961e-06
1334 4.3784e-06 4.73323e-06 4.55961e-06
1335 4.35037e-06 4.98791e-06 4.55961e-06
1336 4.37271e-06 4.89804e-06 4.55961e-06
1337 4.33856e-06 6.92724e-06 4.55961e-06
1338 4.36515e-06 5.18314e-06 4.55961e-06
1339 4.34805e-06 4.90866e-06 4.55961e-06
1340 4.35143e-06 4.64489e-06 4.55961e-06
1341 4.3379e-06 4.70985e-06 4.55961e-06
1342 4.36077e-06 4.85768e-06 4.55961e-06
1343 4.34114e-06 5.27624e-06 4.55961e-06
1344 4.34793e-06 4.77661e-06 4.55961e-06
1345 4.40512e-06 5.92801e-06 4.55961e-06
1346 4.36672e-06 4.79065e-06 4.55961e-06
1347 4.35387e-06 6.4033e-06 4.55961e-06
1348 4.32587e-06 4.66122e-06 4.55961e-06
1349 4.34286e-06 4.70937e-06 4.55961e-06
1350 4.33373e-06 4.95886e-06 4.55961e-06
1351 4.3848e-06 4.79076e-06 4.55961e-06
1352 4.33462e-06 6.97258e-06 4.55961e-06
1353 4.35295e-06 5.00294e-06 4.55961e-06
1354 4.33561e-06 6.00778e-06 4.55961e-06
1355 4.35771e-06 4.57088e-06 4.55961e-06
1356 4.33446e-06 4.79469e-06 4.55961e-06
1357 4.3585e-06 4.88459e-06 4.55961e-06
1358 4.32213e-06 4.57904e-06 4.55961e-06
1359 4.32007e-06 4.70112e-06 4.55961e-06
1360 4.33413e-06 5.30815e-06 4.55961e-06
1361 4.3451e-06 4.60597e-06 4.55961e-06
1362 4.32958e-06 5.24961e-06 4.55961e-06
1363 4.33727e-06 7.26075e-06 4.55961e-06
1364 4.3242e-06 4.88914e-06 4.55961e-06
1365 4.33104e-06 4.84911e-06 4.55961e-06
1366 4.35166e-06 4.69335e-06 4.55961e-06
1367 4.31953e-06 5.22889e-06 4.55961e-06
1368 4.31319e-06 4.79509e-06 4.55961e-06
1369 4.32071e-06 4.59055e-06 4.55961e-06
1370 4.33445e-06 4.97729e-06 4.55961e-06
1371 4.33075e-06 5.35828e-06 4.55961e-06
1372 4.33861e-06 6.84315e-06 4.55961e-06
1373 4.31257e-06 4.69468e-06 4.55961e-06
1374 4.33895e-06 5.15486e-06 4.55961e-06
1375 4.30357e-06 5.38394e-06 4.55961e-06
1376 4.33842e-06 4.72944e-06 4.55961e-06
1377 4.33955e-06 4.79612e-06 4.55961e-06
1378 4.32686e-06 5.8374e-06 4.55961e-06
1379 4.32709e-06 4.57291e-06 4.55961e-06
1380 4.32387e-06 4.59313e-06 4.55961e-06
1381 4.32622e-06 4.63862e-06 4.55961e-06
1382 4.3252e-06 5.16178e-06 4.55961e-06
1383 4.33822e-06 6.1601e-06 4.55961e-06
1384 4.31896e-06 5.42284e-06 4.55961e-06
1385 4.31705e-06 5.37513e-06 4.55961e-06
1386 4.34112e-06 4.62672e-06 4.55961e-06
1387 4.35983e-06 4.61767e-06 4.55961e-06
1388 4.32713e-06 5.59161e-06 4.55961e-06
1389 4.31176e-06 6.70442e-06 4.55961e-06
1390 4.33697e-06 6.13547e-06 4.55961e-06
1391 4.30489e-06 4.65115e-06 4.55961e-06
1392 4.32944e-06 4.71335e-06 4.55961e-06
1393 4.30867e-06 5.78806e-06 4.55961e-06
1394 4.32602e-06 4.68718e-06 4.55961e-06
1395 4.30974e-06 5.2474e-06 4.55961e-06
1396 4.31323e-06 4.68237e-06 4.55961e-06
1397 4.31428e-06 4.72457e-06 4.55961e-06
1398 4.3182e-06 4.7308e-06 4.55961e-06
1399 4.31459e-06 4.81433e-06 4.55961e-06
1400 4.30829e-06 5.03561e-06 4.55961e-06
1401 4.29529e-06 4.62094e-06 4.55961e-06
1402 4.34672e-06 4.7114e-06 4.55961e-06
1403 4.30605e-06 4.64569e-06 4.55961e-06
1404 4.31074e-06 4.60916e-06 4.55961e-06
1405 4.31592e-06 6.56183e-06 4.55961e-06
1406 4.30317e-06 4.61668e-06 4.55961e-06
1407 4.3146e-06 4.55509e-06 4.55961e-06
1408 4.29741e-06 4.77068e-06 4.55509e-06
1409 4.28323e-06 4.83485e-06 4.55509e-06
1410 4.35433e-06 4.6012e-06 4.55509e-06
1411 4.28884e-06 4.6825e-06 4.55509e-06
1412 4.32745e-06 4.73489e-06 4.55509e-06
1413 4.29095e-06 5.24032e-06 4.55509e-06
1414 4.31854e-06 4.58921e-06 4.55509e-06
1415 4.30646e-06 5.73474e-06 4.55509e-06
1416 4.29448e-06 4.65297e-06 4.55509e-06
1417 4.31284e-06 5.21331e-06 4.55509e-06
1418 4.28062e-06 7.45509e-06 4.55509e-06
1419 4.30911e-06 7.63808e-06 4.55509e-06
1420 4.31011e-06 4.87907e-06 4.55509e-06
1421 4.30539e-06 4.55771e-06 4.55509e-06
1422 4.29434e-06 7.40558e-06 4.55509e-06
1423 4.29474e-06 4.93051e-06 4.55509e-06
1424 4.30194e-06 4.59786e-06 4.55509e-06
1425 4.28631e-06 5.087e-06 4.55509e-06
1426 4.29611e-06 6.71989e-06 4.55509e-06
1427 4.30439e-06 7.20123e-06 4.55509e-06
1428 4.26769e-06 4.70675e-06 4.55509e-06
1429 4.28633e-06 4.6275e-06 4.55509e-06
1430 4.28541e-06 5.12852e-06 4.55509e-06
1431 4.29295e-06 5.15508e-06 4.55509e-06
1432 4.3e-06 5.00834e-06 4.55509e-06
1433 4.28728e-06 4.74822e-06 4.55509e-06
1434 4.29215e-06 5.33687e-06 4.55509e-06
1435 4.29498e-06 4.67785e-06 4.55509e-06
1436 4.29566e-06 5.13951e-06 4.55509e-06
1437 4.27734e-06 4.72265e-06 4.55509e-06
1438 4.2765e-06 5.08965e-06 4.55509e-06
1439 4.30289e-06 5.20379e-06 4.55509e-06
1440 4.27467e-06 7.00546e-06 4.55509e-06
1441 4.27744e-06 5.81352e-06 4.55509e-06
1442 4.29374e-06 5.16038e-06 4.55509e-06
1443 4.27494e-06 4.90559e-06 4.55509e-06
1444 4.26173e-06 5.18864e-06 4.55509e-06
1445 4.28495e-06 6.8923e-06 4.55509e-06
1446 4.27637e-06 5.78383e-06 4.55509e-06
1447 4.26409e-06 4.60343e-06 4.55509e-06
1448 4.27557e-06 5.43058e-06 4.55509e-06
1449 4.27624e-06 4.83929e-06 4.55509e-06
1450 4.30139e-06 8.42993e-06 4.55509e-06
1451 4.25919e-06 5.65684e-06 4.55509e-06
1452 4.27124e-06 5.48568e-06 4.55509e-06
1453 4.28363e-06 6.23143e-06 4.55509e-06
1454 4.28731e-06 5.16917e-06 4.55509e-06
1455 4.28644e-06 5.10823e-06 4.55509e-06
1456 4.29805e-06 5.57153e-06 4.55509e-06
1457 4.27933e-06 5.00802e-06 4.55509e-06
1458 4.26661e-06 4.75971e-06 4.55509e-06
1459 4.29453e-06 4.49329e-06 4.55509e-06
1460 4.29263e-06 4.68098e-06 4.49329e-06
1461 4.26434e-06 4.89503e-06 4.49329e-06
1462 4.26204e-06 4.62071e-06 4.49329e-06
1463 4.26854e-06 5.30259e-06 4.49329e-06
1464 4.27116e-06 4.79673e-06 4.49329e-06
1465 4.27831e-06 6.43566e-06 4.49329e-06
1466 4.26384e-06 4.8037e-06 4.49329e-06
1467 4.25288e-06 4.66393e-06 4.49329e-06
1468 4.26771e-06 4.59149e-06 4.49329e-06
1469 4.24635e-06 6.18099e-06 4.49329e-06
1470 4.25071e-06 4.53052e-06 4.49329e-06
1471 4.28915e-06 5.47179e-06 4.49329e-06
1472 4.25689e-06 5.2149e-06 4.49329e-06
1473 4.26232e-06 5.92901e-06 4.49329e-06
1474 4.26641e-06 5.11599e-06 4.49329e-06
1475 4.26993e-06 4.86735e-06 4.49329e-06
1476 4.26322e-06 4.56772e-06 4.49329e-06
1477 4.25171e-06 6.0165e-06 4.49329e-06
1478 4.26732e-06 5.81629e-06 4.49329e-06
1479 4.2531e-06 4.583e-06 4.49329e-06
1480 4.28317e-06 5.09369e-06 4.49329e-06
1481 4.26434e-06 5.10006e-06 4.49329e-06
1482 4.26352e-06 4.56861e-06 4.49329e-06
1483 4.25925e-06 4.73374e-06 4.49329e-06
1484 4.28507e-06 5.18875e-06 4.49329e-06
1485 4.28222e-06 4.66691e-06 4.49329e-06
1486 4.26229e-06 4.64341e-06 4.49329e-06
1487 4.24302e-06 4.89642e-06 4.49329e-06
1488 4.24479e-06 4.65664e-06 4.49329e-06
1489 4.26877e-06 4.82115e-06 4.49329e-06
1490 4.24403e-06 5.03417e-06 4.49329e-06
1491 4.2961e-06 4.51873e-06 4.49329e-06
1492 4.26186e-06 4.7267e-06 4.49329e-06
1493 4.26644e-06 4.58934e-06 4.49329e-06
1494 4.25172e-06 4.58116e-06 4.49329e-06
1495 4.25322e-06 4.54481e-06 4.49329e-06
1496 4.23476e-06 5.46418e-06 4.49329e-06
1497 4.25748e-06 4.55142e-06 4.49329e-06
1498 4.24371e-06 5.11275e-06 4.49329e-06
1499 4.2553e-06 4.56388e-06 4.49329e-06
1500 4.25995e-06 4.8115e-06 4.49329e-06
1501 4.24573e-06 4.62997e-06 4.49329e-06
1502 4.27095e-06 4.78101e-06 4.49329e-06
1503 4.25137e-06 4.7273e-06 4.49329e-06
1504 4.22928e-06 5.01418e-06 4.49329e-06
1505 4.23896e-06 4.73213e-06 4.49329e-06
1506 4.24472e-06 4.66887e-06 4.49329e-06
1507 4.30999e-06 7.66126e-06 4.49329e-06
1508 4.2498e-06 4.90979e-06 4.49329e-06
1509 4.23427e-06 5.40734e-06 4.49329e-06
1510 4.25059e-06 4.55124e-06 4.49329e-06
1511 4.24303e-06 4.46139e-06 4.49329e-06
1512 4.24029e-06 5.02012e-06 4.46139e-06
1513 4.23382e-06 4.63624e-06 4.46139e-06
1514 4.23915e-06 5.26286e-06 4.46139e-06
1515 4.22592e-06 5.30436e-06 4.46139e-06
1516 4.24249e-06 4.65776e-06 4.46139e-06
1517 4.21543e-06 4.5334e-06 4.46139e-06
1518 4.22564e-06 4.78469e-06 4.46139e-06
1519 4.2609e-06 9.06962e-06 4.46139e-06
1520 4.25284e-06 4.57151e-06 4.46139e-06
1521 4.24285e-06 7.53325e-06 4.46139e-06
1522 4.24743e-06 4.8792e-06 4.46139e-06
1523 4.24218e-06 5.06366e-06 4.46139e-06
1524 4.25599e-06 4.5004e-06 4.46139e-06
1525 4.2327e-06 4.69597e-06 4.46139e-06
1526 4.40812e-06 4.62777e-06 4.46139e-06
1527 4.23582e-06 5.70654e-06 4.46139e-06
1528 4.24333e-06 4.69634e-06 4.46139e-06
1529 4.23352e-06 4.80951e-06 4.46139e-06
1530 4.23257e-06 4.61165e-06 4.46139e-06
1531 4.23538e-06 6.76363e-06 4.46139e-06
1532 4.25347e-06 5.03011e-06 4.46139e-06
1533 4.22987e-06 4.787e-06 4.46139e-06
1534 4.26805e-06 5.14473e-06 4.46139e-06
1535 4.21283e-06 4.81774e-06 4.46139e-06
1536 4.22432e-06 6.0127e-06 4.46139e-06
1537 4.21009e-06 4.53695e-06 4.46139e-06
1538 4.21945e-06 5.68044e-06 4.46139e-06
1539 4.227e-06 4.66937e-06 4.46139e-06
1540 4.24138e-06 4.56076e-06 4.46139e-06
1541 4.23952e-06 5.03903e-06 4.46139e-06
1542 4.23028e-06 5.02034e-06 4.46139e-06
1543 4.22234e-06 6.01913e-06 4.46139e-06
1544 4.24195e-06 5.45313e-06 4.46139e-06
1545 4.26268e-06 4.397e-06 4.46139e-06
1546 4.24206e-06 5.61983e-06 4.397e-06
1547 4.21903e-06 5.52178e-06 4.397e-06
1548 4.2203e-06 7.14886e-06 4.397e-06
1549 4.21358e-06 5.14239e-06 4.397e-06
1550 4.23039e-06 5.61465e-06 4.397e-06
1551 4.2259e-06 4.6095e-06 4.397e-06
1552 4.34412e-06 6.0585e-06 4.397e-06
1553 4.22724e-06 5.09976e-06 4.397e-06
1554 4.3206e-06 4.47926e-06 4.397e-06
1555 4.22231e-06 4.55355e-06 4.397e-06
1556 4.21586e-06 4.57386e-06 4.397e-06
1557 4.2188e-06 1.11747e-05 4.397e-06
1558 4.22181e-06 4.56241e-06 4.397e-06
1559 4.2323e-06 5.47648e-06 4.397e-06
1560 4.22132e-06 4.62558e-06 4.397e-06
1561 4.20822e-06 6.17607e-06 4.397e-06
1562 4.2382e-06 5.16649e-06 4.397e-06
1563 4.23553e-06 4.68064e-06 4.397e-06
1564 4.24314e-06 5.82177e-06 4.397e-06
1565 4.21439e-06 5.20044e-06 4.397e-06
1566 4.21069e-06 4.48381e-06 4.397e-06
1567 4.22543e-06 4.5547e-06 4.397e-06
1568 4.20891e-06 4.65699e-06 4.397e-06
1569 4.21767e-06 5.16297e-06 4.397e-06
1570 4.22246e-06 4.70916e-06 4.397e-06
1571 4.19824e-06 4.67154e-06 4.397e-06
1572 4.20298e-06 4.59646e-06 4.397e-06
1573 4.21231e-06 4.5181e-06 4.397e-06
1574 4.22715e-06 4.52254e-06 4.397e-06
1575 4.22788e-06 5.36457e-06 4.397e-06
1576 4.22152e-06 4.48926e-06 4.397e-06
1577 4.22383e-06 4.70783e-06 4.397e-06
1578 4.19978e-06 5.16506e-06 4.397e-06
1579 4.2188e-06 4.75455e-06 4.397e-06
1580 4.22691e-06 5.04805e-06 4.397e-06
1581 4.19138e-06 5.35715e-06 4.397e-06
1582 4.21885e-06 4.94509e-06 4.397e-06
1583 4.20599e-06 6.7267e-06 4.397e-06
1584 4.20433e-06 4.57239e-06 4.397e-06
1585 4.20765e-06 4.63226e-06 4.397e-06
1586 4.20084e-06 5.01417e-06 4.397e-06
1587 4.18118e-06 4.51394e-06 4.397e-06
1588 4.21533e-06 4.44903e-06 4.397e-06
1589 4.19766e-06 6.25497e-06 4.397e-06
1590 4.21219e-06 4.59047e-06 4.397e-06
1591 4.18382e-06 5.13465e-06 4.397e-06
1592 4.22002e-06 5.8925e-06 4.397e-06
1593 4.20149e-06 5.72407e-06 4.397e-06
1594 4.21822e-06 5.09919e-06 4.397e-06
1595 4.18997e-06 4.55323e-06 4.397e-06
1596 4.20785e-06 5.59659e-06 4.397e-06
1597 4.20699e-06 5.48886e-06 4.397e-06
1598 4.22901e-06 4.62523e-06 4.397e-06
1599 4.18655e-06 5.78369e-06 4.397e-06
1600 4.20814e-06 5.89797e-06 4.397e-06
1601 4.19972e-06 4.6185e-06 4.397e-06
1602 4.19462e-06 4.63448e-06 4.397e-06
1603 4.21139e-06 4.57678e-06 4.397e-06
1604 4.19565e-06 5.21079e-06 4.397e-06
1605 4.19898e-06 4.69172e-06 4.397e-06
1606 4.18416e-06 4.56338e-06 4.397e-06
1607 4.1826e-06 4.82129e-06 4.397e-06
1608 4.19919e-06 4.59175e-06 4.397e-06
1609 4.1876e-06 4.58993e-06 4.397e-06
1610 4.19736e-06 4.60514e-06 4.397e-06
1611 4.20866e-06 4.70064e-06 4.397e-06
1612 4.19402e-06 7.24723e-06 4.397e-06
1613 4.24788e-06 4.49106e-06 4.397e-06
1614 4.18552e-06 4.92351e-06 4.397e-06
1615 4.20439e-06 4.56343e-06 4.397e-06
1616 4.21173e-06 4.41537e-06 4.397e-06
1617 4.20948e-06 4.58529e-06 4.397e-06
1618 4.20358e-06 4.91154e-06 4.397e-06
1619 4.18926e-06 4.68828e-06 4.397e-06
1620 4.20924e-06 5.14383e-06 4.397e-06
1621 4.22177e-06 6.08647e-06 4.397e-06
1622 4.20343e-06 5.26107e-06 4.397e-06
1623 4.1936e-06 4.73339e-06 4.397e-06
1624 4.1841e-06 4.70612e-06 4.397e-06
1625 4.19925e-06 5.38204e-06 4.397e-06
1626 4.19711e-06 4.7641e-06 4.397e-06
1627 4.17106e-06 6.73274e-06 4.397e-06
1628 4.19771e-06 6.91866e-06 4.397e-06
1629 4.18611e-06 4.55741e-06 4.397e-06
1630 4.23175e-06 5.3207e-06 4.397e-06
1631 4.18694e-06 5.38943e-06 4.397e-06
1632 4.19758e-06 4.56148e-06 4.397e-06
1633 4.20519e-06 5.56065e-06 4.397e-06
1634 4.19432e-06 5.15375e-06 4.397e-06
1635 4.31562e-06 5.27235e-06 4.397e-06
1636 4.18745e-06 4.75932e-06 4.397e-06
1637 4.15641e-06 6.59697e-06 4.397e-06
1638 4.20364e-06 5.26219e-06 4.397e-06
1639 4.26969e-06 4.65694e-06 4.397e-06
1640 4.20122e-06 4.85982e-06 4.397e-06
1641 4.23986e-06 4.52888e-06 4.397e-06
1642 4.17233e-06 7.32148e-06 4.397e-06
1643 4.1694e-06 5.5442e-06 4.397e-06
1644 4.17939e-06 5.38223e-06 4.397e-06
1645 4.19571e-06 5.88959e-06 4.397e-06
1646 3.51594e-06 4.3136e-06 4.397e-06
1647 3.53967e-06 4.26841e-06 4.3136e-06
1648 3.52869e-06 4.31734e-06 4.26841e-06
1649 3.51043e-06 4.43849e-06 4.26841e-06
1650 3.50656e-06 4.31905e-06 4.26841e-06
1651 3.52007e-06 4.24613e-06 4.26841e-06
1652 3.50643e-06 4.46251e-06 4.24613e-06
1653 3.51824e-06 4.30349e-06 4.24613e-06
1654 3.52364e-06 4.46293e-06 4.24613e-06
1655 3.51732e-06 4.48372e-06 4.24613e-06
1656 3.51118e-06 4.39411e-06 4.24613e-06
1657 3.51554e-06 4.59529e-06 4.24613e-06
1658 3.49229e-06 4.41519e-06 4.24613e-06
1659 3.50914e-06 4.44228e-06 4.24613e-06
1660 3.50325e-06 4.32728e-06 4.24613e-06
1661 3.50318e-06 4.26901e-06 4.24613e-06
1662 3.50547e-06 4.3093e-06 4.24613e-06
1663 3.49955e-06 4.27272e-06 4.24613e-06
1664 3.48725e-06 4.40392e-06 4.24613e-06
1665 3.51156e-06 4.30376e-06 4.24613e-06
1666 3.50323e-06 4.34872e-06 4.24613e-06
1667 3.49901e-06 4.44607e-06 4.24613e-06
1668 3.49511e-06 4.35111e-06 4.24613e-06
1669 3.48788e-06 4.37371e-06 4.24613e-06
1670 3.5091e-06 4.3142e-06 4.24613e-06
1671 3.50082e-06 4.41241e-06 4.24613e-06
1672 3.49464e-06 4.71255e-06 4.24613e-06
1673 3.50381e-06 4.23039e-06 4.24613e-06
1674 3.50171e-06 4.46548e-06 4.23039e-06
1675 3.494e-06 4.4057e-06 4.23039e-06
1676 3.49436e-06 5.12335e-06 4.23039e-06
1677 3.49394e-06 4.36213e-06 4.23039e-06
1678 3.48362e-06 4.28136e-06 4.23039e-06
1679 3.50249e-06 4.40832e-06 4.23039e-06
1680 3.49609e-06 4.90116e-06 4.23039e-06
1681 3.4854e-06 4.32863e-06 4.23039e-06
1682 3.49369e-06 4.59895e-06 4.23039e-06
1683 3.48493e-06 4.47482e-06 4.23039e-06
1684 3.49371e-06 4.24869e-06 4.23039e-06
1685 3.48944e-06 4.53575e-06 4.23039e-06
1686 3.48497e-06 4.24552e-06 4.23039e-06
1687 3.49782e-06 4.38818e-06 4.23039e-06
1688 3.47484e-06 4.26943e-06 4.23039e-06
1689 3.48168e-06 4.42539e-06 4.23039e-06
1690 3.48617e-06 4.3732e-06 4.23039e-06
1691 3.49352e-06 4.90422e-06 4.23039e-06
1692 3.49107e-06 4.44557e-06 4.23039e-06
1693 3.47768e-06 4.40389e-06 4.23039e-06
1694 3.47793e-06 4.36863e-06 4.23039e-06
1695 3.48026e-06 4.41774e-06 4.23039e-06
1696 3.49305e-06 4.3674e-06 4.23039e-06
1697 3.48005e-06 4.33607e-06 4.23039e-06
1698 3.46843e-06 4.46978e-06 4.23039e-06
1699 3.47691e-06 4.44693e-06 4.23039e-06
1700 3.47416e-06 4.28053e-06 4.23039e-06
1701 3.47857e-06 4.38675e-06 4.23039e-06
1702 3.48476e-06 4.39725e-06 4.23039e-06
1703 3.48472e-06 4.3625e-06 4.23039e-06
1704 3.467e-06 4.31646e-06 4.23039e-06
1705 3.48612e-06 4.2332e-06 4.23039e-06
1706 3.47722e-06 4.3912e-06 4.23039e-06
1707 3.48383e-06 4.40728e-06 4.23039e-06
1708 3.48594e-06 4.63702e-06 4.23039e-06
1709 3.48005e-06 4.32539e-06 4.23039e-06
1710 3.48906e-06 4.38209e-06 4.23039e-06
1711 3.4656e-06 4.28787e-06 4.23039e-06
1712 3.45983e-06 4.29815e-06 4.23039e-06
1713 3.48601e-06 4.41348e-06 4.23039e-06
1714 3.48295e-06 4.35549e-06 4.23039e-06
1715 3.47189e-06 4.26721e-06 4.23039e-06
1716 3.47142e-06 4.48872e-06 4.23039e-06
1717 3.46154e-06 4.42175e-06 4.23039e-06
1718 3.46086e-06 4.41789e-06 4.23039e-06
1719 3.47403e-06 4.33647e-06 4.23039e-06
1720 3.47104e-06 4.42318e-06 4.23039e-06
1721 3.47125e-06 4.17971e-06 4.23039e-06
1722 3.46894e-06 4.37826e-06 4.17971e-06
1723 3.4656e-06 4.45975e-06 4.17971e-06
1724 3.46414e-06 4.24564e-06 4.17971e-06
1725 3.45923e-06 4.28193e-06 4.17971e-06
1726 3.46749e-06 4.37368e-06 4.17971e-06
1727 3.47305e-06 4.40542e-06 4.17971e-06
1728 3.46878e-06 4.40008e-06 4.17971e-06
1729 3.48808e-06 4.22206e-06 4.17971e-06
1730 3.46682e-06 4.34524e-06 4.17971e-06
1731 3.47029e-06 4.26961e-06 4.17971e-06
1732 3.46649e-06 4.30683e-06 4.17971e-06
1733 3.46473e-06 4.49261e-06 4.17971e-06
1734 3.46767e-06 4.75507e-06 4.17971e-06
1735 3.45695e-06 4.53574e-06 4.17971e-06
1736 3.46584e-06 5.18069e-06 4.17971e-06
1737 3.4734e-06 4.45378e-06 4.17971e-06
1738 3.46753e-06 4.28192e-06 4.17971e-06
1739 3.47062e-06 4.33515e-06 4.17971e-06
1740 3.46165e-06 4.35934e-06 4.17971e-06
1741 3.47784e-06 4.16376e-06 4.17971e-06
1742 3.47027e-06 4.62182e-06 4.16376e-06
1743 3.465e-06 4.33324e-06 4.16376e-06
1744 3.46338e-06 4.37706e-06 4.16376e-06
1745 3.46905e-06 4.3749e-06 4.16376e-06
1746 3.45634e-06 4.34159e-06 4.16376e-06
1747 3.46411e-06 4.2313e-06 4.16376e-06
1748 3.45961e-06 4.39053e-06 4.16376e-06
1749 3.45751e-06 4.33178e-06 4.16376e-06
1750 3.46871e-06 4.29765e-06 4.16376e-06
1751 3.45887e-06 4.40051e-06 4.16376e-06
1752 3.45671e-06 4.36205e-06 4.16376e-06
1753 3.46901e-06 4.33812e-06 4.16376e-06
1754 3.46205e-06 4.30136e-06 4.16376e-06
1755 3.46085e-06 4.38972e-06 4.16376e-06
1756 3.46873e-06 4.2461e-06 4.16376e-06
1757 3.46005e-06 4.51967e-06 4.16376e-06
1758 3.46368e-06 4.22068e-06 4.16376e-06
1759 3.45136e-06 4.38219e-06 4.16376e-06
1760 3.46071e-06 4.20521e-06 4.16376e-06
1761 3.45514e-06 4.26928e-06 4.16376e-06
1762 3.47473e-06 4.41326e-06 4.16376e-06
1763 3.46004e-06 4.34383e-06 4.16376e-06
1764 3.45575e-06 4.31263e-06 4.16376e-06
1765 3.45691e-06 4.21704e-06 4.16376e-06
1766 3.46643e-06 4.34723e-06 4.16376e-06
1767 3.46759e-06 4.29067e-06 4.16376e-06
1768 3.46188e-06 4.38098e-06 4.16376e-06
1769 3.44709e-06 4.32549e-06 4.16376e-06
1770 3.45939e-06 4.30386e-06 4.16376e-06
1771 3.46363e-06 4.3461e-06 4.16376e-06
1772 3.44828e-06 4.31501e-06 4.16376e-06
1773 3.46144e-06 4.36771e-06 4.16376e-06
1774 3.45787e-06 4.43257e-06 4.16376e-06
1775 3.45075e-06 4.38211e-06 4.16376e-06
1776 3.44919e-06 4.39226e-06 4.16376e-06
1777 3.4539e-06 4.33177e-06 4.16376e-06
1778 3.44124e-06 4.25088e-06 4.16376e-06
1779 3.45028e-06 4.43178e-06 4.16376e-06
1780 3.44614e-06 4.30227e-06 4.16376e-06
1781 3.44386e-06 4.3141e-06 4.16376e-06
1782 3.4498e-06 4.41676e-06 4.16376e-06
1783 3.46621e-06 4.18675e-06 4.16376e-06
1784 3.45002e-06 4.4093e-06 4.16376e-06
1785 3.44517e-06 4.39325e-06 4.16376e-06
1786 3.45161e-06 4.20045e-06 4.16376e-06
1787 3.45767e-06 4.38781e-06 4.16376e-06
1788 3.45028e-06 4.26711e-06 4.16376e-06
1789 3.44587e-06 4.42709e-06 4.16376e-06
1790 3.44535e-06 4.30774e-06 4.16376e-06
1791 3.44143e-06 4.29675e-06 4.16376e-06
1792 3.45356e-06 4.19797e-06 4.16376e-06
1793 3.45165e-06 4.39095e-06 4.16376e-06
1794 3.45234e-06 4.25759e-06 4.16376e-06
1795 3.44936e-06 4.34902e-06 4.16376e-06
1796 3.45087e-06 4.49127e-06 4.16376e-06
1797 3.44947e-06 4.4025e-06 4.16376e-06
1798 3.44853e-06 4.37967e-06 4.16376e-06
1799 3.43825e-06 4.34341e-06 4.16376e-06
1800 3.44571e-06 4.34429e-06 4.16376e-06
1801 3.45165e-06 4.50525e-06 4.16376e-06
1802 3.44473e-06 4.30126e-06 4.16376e-06
1803 3.45116e-06 4.18957e-06 4.16376e-06
1804 3.44811e-06 4.53041e-06 4.16376e-06
1805 3.44908e-06 4.44149e-06 4.16376e-06
1806 3.45232e-06 4.40327e-06 4.16376e-06
1807 3.44287e-06 4.26588e-06 4.16376e-06
1808 3.44132e-06 4.43803e-06 4.16376e-06
1809 3.43761e-06 4.37219e-06 4.16376e-06
1810 3.44709e-06 5.2767e-06 4.16376e-06
1811 3.43986e-06 4.26882e-06 4.16376e-06
1812 3.43534e-06 4.47581e-06 4.16376e-06
1813 3.4393e-06 4.4772e-06 4.16376e-06
1814 3.44306e-06 4.28674e-06 4.16376e-06
1815 3.4358e-06 4.4101e-06 4.16376e-06
1816 3.44256e-06 4.33544e-06 4.16376e-06
1817 3.43696e-06 4.32055e-06 4.16376e-06
1818 3.44269e-06 4.38514e-06 4.16376e-06
1819 3.44602e-06 4.36307e-06 4.16376e-06
1820 3.44635e-06 4.51497e-06 4.16376e-06
1821 3.44005e-06 4.69766e-06 4.16376e-06
1822 3.44058e-06 5.17679e-06 4.16376e-06
1823 3.4371e-06 4.18154e-06 4.16376e-06
1824 3.44334e-06 5.05993e-06 4.16376e-06
1825 3.43573e-06 5.34968e-06 4.16376e-06
1826 3.45243e-06 4.45874e-06 4.16376e-06
1827 3.43215e-06 4.86598e-06 4.16376e-06
1828 3.44142e-06 4.30956e-06 4.16376e-06
1829 3.43912e-06 4.69566e-06 4.16376e-06
1830 3.4434e-06 4.36687e-06 4.16376e-06
1831 3.4315e-06 4.25122e-06 4.16376e-06
1832 3.43269e-06 4.40921e-06 4.16376e-06
1833 3.43846e-06 4.34438e-06 4.16376e-06
1834 3.44081e-06 4.23351e-06 4.16376e-06
1835 3.42987e-06 4.17365e-06 4.16376e-06
1836 3.43645e-06 4.32162e-06 4.16376e-06
1837 3.44155e-06 4.35658e-06 4.16376e-06
1838 3.43406e-06 4.41603e-06 4.16376e-06
1839 3.43125e-06 4.56748e-06 4.16376e-06
1840 3.43234e-06 4.21689e-06 4.16376e-06
1841 3.43246e-06 4.34837e-06 4.16376e-06
1842 3.30147e-06 4.16169e-06 4.16376e-06
1843 3.30152e-06 4.27988e-06 4.16169e-06
1844 3.29626e-06 4.22596e-06 4.16169e-06
1845 3.29342e-06 4.22577e-06 4.16169e-06
1846 3.29533e-06 4.3391e-06 4.16169e-06
1847 3.29234e-06 4.2467e-06 4.16169e-06
1848 3.30326e-06 4.18332e-06 4.16169e-06
1849 3.30524e-06 4.11738e-06 4.16169e-06
1850 3.29484e-06 4.17286e-06 4.11738e-06
1851 3.29819e-06 4.18272e-06 4.11738e-06
1852 3.29377e-06 4.17902e-06 4.11738e-06
1853 3.29179e-06 4.22422e-06 4.11738e-06
1854 3.28902e-06 4.19892e-06 4.11738e-06
1855 3.29403e-06 4.16574e-06 4.11738e-06
1856 3.29498e-06 4.2182e-06 4.11738e-06
1857 3.29733e-06 4.1433e-06 4.11738e-06
1858 3.30134e-06 4.14265e-06 4.11738e-06
1859 3.29677e-06 4.25682e-06 4.11738e-06
1860 3.29191e-06 4.32068e-06 4.11738e-06
1861 3.2978e-06 4.27584e-06 4.11738e-06
1862 3.28982e-06 4.0894e-06 4.11738e-06
1863 3.29079e-06 4.25373e-06 4.0894e-06
1864 3.29598e-06 4.32132e-06 4.0894e-06
1865 3.29628e-06 4.29721e-06 4.0894e-06
1866 3.28625e-06 4.15953e-06 4.0894e-06
1867 3.29828e-06 4.17035e-06 4.0894e-06
1868 3.2893e-06 4.19384e-06 4.0894e-06
1869 3.29167e-06 4.10882e-06 4.0894e-06
1870 3.29894e-06 4.31675e-06 4.0894e-06
1871 3.29636e-06 4.27122e-06 4.0894e-06
1872 3.29814e-06 4.36306e-06 4.0894e-06
1873 3.28984e-06 4.30499e-06 4.0894e-06
1874 3.2939e-06 4.2986e-06 4.0894e-06
1875 3.28995e-06 4.22309e-06 4.0894e-06
1876 3.28923e-06 4.14508e-06 4.0894e-06
1877 3.29239e-06 4.25831e-06 4.0894e-06
1878 3.29413e-06 4.22014e-06 4.0894e-06
1879 3.28965e-06 4.30912e-06 4.0894e-06
1880 3.29381e-06 4.41119e-06 4.0894e-06
1881 3.29229e-06 4.1193e-06 4.0894e-06
1882 3.28973e-06 4.19016e-06 4.0894e-06
1883 3.29519e-06 4.12055e-06 4.0894e-06
1884 3.28788e-06 4.25669e-06 4.0894e-06
1885 3.29217e-06 4.16535e-06 4.0894e-06
1886 3.29617e-06 4.22369e-06 4.0894e-06
1887 3.29106e-06 4.29057e-06 4.0894e-06
1888 3.2939e-06 4.29232e-06 4.0894e-06
1889 3.29545e-06 4.31936e-06 4.0894e-06
1890 3.28863e-06 4.29608e-06 4.0894e-06
1891 3.29468e-06 4.10506e-06 4.0894e-06
1892 3.28276e-06 4.14229e-06 4.0894e-06
1893 3.28532e-06 4.2579e-06 4.0894e-06
1894 3.2943e-06 4.32792e-06 4.0894e-06
1895 3.28583e-06 4.30958e-06 4.0894e-06
1896 3.28492e-06 4.21851e-06 4.0894e-06
1897 3.28618e-06 4.18271e-06 4.0894e-06
1898 3.29493e-06 4.29188e-06 4.0894e-06
1899 3.28762e-06 4.36322e-06 4.0894e-06
1900 3.28724e-06 4.21434e-06 4.0894e-06
1901 3.29053e-06 4.26802e-06 4.0894e-06
1902 3.28432e-06 4.24466e-06 4.0894e-06
1903 3.29098e-06 4.34645e-06 4.0894e-06
1904 3.28212e-06 4.2887e-06 4.0894e-06
1905 3.28835e-06 4.2535e-06 4.0894e-06
1906 3.29714e-06 4.08392e-06 4.0894e-06
1907 3.29431e-06 4.15576e-06 4.08392e-06
1908 3.28761e-06 4.3223e-06 4.08392e-06
1909 3.2839e-06 4.20498e-06 4.08392e-06
1910 3.28435e-06 4.11429e-06 4.08392e-06
1911 3.29184e-06 4.24953e-06 4.08392e-06
1912 3.29354e-06 4.29152e-06 4.08392e-06
1913 3.29353e-06 4.15139e-06 4.08392e-06
1914 3.29108e-06 4.27471e-06 4.08392e-06
1915 3.2931e-06 4.3036e-06 4.08392e-06
1916 3.28769e-06 4.11992e-06 4.08392e-06
1917 3.29078e-06 4.28283e-06 4.08392e-06
1918 3.29367e-06 4.24017e-06 4.08392e-06
1919 3.29067e-06 4.16099e-06 4.08392e-06
1920 3.28686e-06 4.25295e-06 4.08392e-06
1921 3.28765e-06 4.4327e-06 4.08392e-06
1922 3.27917e-06 4.27862e-06 4.08392e-06
1923 3.28842e-06 4.27044e-06 4.08392e-06
1924 3.28998e-06 4.22339e-06 4.08392e-06
1925 3.28849e-06 4.14335e-06 4.08392e-06
1926 3.29425e-06 4.10282e-06 4.08392e-06
1927 3.28995e-06 4.15821e-06 4.08392e-06
1928 3.27586e-06 4.30297e-06 4.08392e-06
1929 3.28172e-06 4.1892e-06 4.08392e-06
1930 3.29835e-06 4.34017e-06 4.08392e-06
1931 3.27934e-06 4.25561e-06 4.08392e-06
1932 3.28465e-06 4.27806e-06 4.08392e-06
1933 3.28934e-06 4.29776e-06 4.08392e-06
1934 3.28714e-06 4.2372e-06 4.08392e-06
1935 3.28303e-06 4.18035e-06 4.08392e-06
1936 3.2849e-06 4.26913e-06 4.08392e-06
1937 3.29018e-06 4.25192e-06 4.08392e-06
1938 3.27987e-06 4.2316e-06 4.08392e-06
1939 3.28779e-06 4.11587e-06 4.08392e-06
1940 3.28612e-06 4.29252e-06 4.08392e-06
1941 3.28228e-06 4.21339e-06 4.08392e-06
1942 3.2855e-06 4.22052e-06 4.08392e-06
1943 3.283e-06 4.20398e-06 4.08392e-06
1944 3.27903e-06 4.11972e-06 4.08392e-06
1945 3.28697e-06 4.12895e-06 4.08392e-06
1946 3.28964e-06 4.20702e-06 4.08392e-06
1947 3.28311e-06 4.09804e-06 4.08392e-06
1948 3.29121e-06 4.25279e-06 4.08392e-06
1949 3.28386e-06 4.13483e-06 4.08392e-06
1950 3.27874e-06 4.17073e-06 4.08392e-06
1951 3.29265e-06 4.39001e-06 4.08392e-06
1952 3.2833e-06 4.31958e-06 4.08392e-06
1953 3.29015e-06 4.27546e-06 4.08392e-06
1954 3.28252e-06 4.12254e-06 4.08392e-06
1955 3.28288e-06 4.33956e-06 4.08392e-06
1956 3.27254e-06 4.10631e-06 4.08392e-06
1957 3.28245e-06 4.13437e-06 4.08392e-06
1958 3.28315e-06 4.15498e-06 4.08392e-06
1959 3.27969e-06 4.15915e-06 4.08392e-06
1960 3.283e-06 4.23501e-06 4.08392e-06
1961 3.27855e-06 4.27809e-06 4.08392e-06
1962 3.28289e-06 4.19266e-06 4.08392e-06
1963 3.28481e-06 4.1695e-06 4.08392e-06
1964 3.29e-06 4.18631e-06 4.08392e-06
1965 3.28113e-06 4.26817e-06 4.08392e-06
1966 3.29176e-06 4.12241e-06 4.08392e-06
1967 3.28506e-06 4.28156e-06 4.08392e-06
1968 3.28662e-06 4.20371e-06 4.08392e-06
1969 3.28174e-06 4.16638e-06 4.08392e-06
1970 3.28575e-06 4.41634e-06 4.08392e-06
1971 3.28823e-06 4.3137e-06 4.08392e-06
1972 3.27923e-06 4.22331e-06 4.08392e-06
1973 3.29006e-06 4.2997e-06 4.08392e-06
1974 3.27637e-06 4.14232e-06 4.08392e-06
1975 3.27527e-06 4.17889e-06 4.08392e-06
1976 3.28988e-06 4.24287e-06 4.08392e-06
1977 3.28308e-06 4.17687e-06 4.08392e-06
1978 3.28225e-06 4.18238e-06 4.08392e-06
1979 3.2768e-06 4.14116e-06 4.08392e-06
1980 3.27828e-06 4.31787e-06 4.08392e-06
1981 3.28505e-06 4.23137e-06 4.08392e-06
1982 3.28586e-06 4.25181e-06 4.08392e-06
1983 3.28103e-06 4.22397e-06 4.08392e-06
1984 3.27677e-06 4.24821e-06 4.08392e-06
1985 3.27877e-06 4.18033e-06 4.08392e-06
1986 3.2776e-06 4.13659e-06 4.08392e-06
1987 3.27626e-06 4.14575e-06 4.08392e-06
1988 3.27638e-06 4.24797e-06 4.08392e-06
1989 3.28408e-06 4.13565e-06 4.08392e-06
1990 3.28739e-06 4.20193e-06 4.08392e-06
1991 3.27608e-06 4.15409e-06 4.08392e-06
1992 3.28388e-06 4.22293e-06 4.08392e-06
1993 3.28338e-06 4.09577e-06 4.08392e-06
1994 3.28625e-06 4.24898e-06 4.08392e-06
1995 3.27217e-06 4.11876e-06 4.08392e-06
1996 3.2822e-06 4.28543e-06 4.08392e-06
1997 3.28175e-06 4.29657e-06 4.08392e-06
1998 3.2867e-06 4.20969e-06 4.08392e-06
1999 3.27268e-06 4.17594e-06 4.08392e-06
2000 3.2812e-06 4.11385e-06 4.08392e-06
2001 3.28948e-06 4.26395e-06 4.08392e-06
2002 3.27916e-06 4.09985e-06 4.08392e-06
2003 3.28784e-06 4.23977e-06 4.08392e-06
2004 3.28435e-06 4.21151e-06 4.08392e-06
2005 3.28714e-06 4.26495e-06 4.08392e-06
2006 3.2845e-06 4.0991e-06 4.08392e-06
