1 1.66364 0.000720532 1.79769e+308
2 1.51027 0.0010285 0.000720532
3 0.00112776 0.000795878 0.000720532
4 0.0276213 0.000523559 0.000720532
5 0.0171964 0.000281682 0.000523559
6 0.0203973 0.00435216 0.000281682
7 0.000302936 0.000361643 0.000281682
8 0.0173529 0.000291384 0.000281682
9 0.0172286 0.000526116 0.000281682
10 0.000579156 0.000152949 0.000281682
11 0.0124962 8.95769e-05 0.000152949
12 0.0140164 0.00013495 8.95769e-05
13 0.0138164 0.000332079 8.95769e-05
14 0.0131289 0.000778825 8.95769e-05
15 0.000175074 0.000121368 8.95769e-05
16 0.0127054 8.81691e-05 8.95769e-05
17 0.0108824 8.37561e-05 8.81691e-05
18 0.000542476 0.000155736 8.37561e-05
19 0.0121597 8.16291e-05 8.37561e-05
20 0.0116236 7.83791e-05 8.16291e-05
21 0.0108482 9.53806e-05 7.83791e-05
22 0.0137019 0.00014615 7.83791e-05
23 0.0113206 0.000276857 7.83791e-05
24 0.000189209 7.6124e-05 7.83791e-05
25 0.0113573 8.49291e-05 7.6124e-05
26 0.0092225 7.35318e-05 7.6124e-05
27 0.0093233 9.96696e-05 7.35318e-05
28 0.0102379 7.61734e-05 7.35318e-05
29 0.00847907 0.000246068 7.35318e-05
30 0.00832494 0.000204178 7.35318e-05
31 0.0094312 0.000248891 7.35318e-05
32 0.000119767 0.00143783 7.35318e-05
33 0.00895564 0.00010713 7.35318e-05
34 0.00829657 5.73302e-05 7.35318e-05
35 0.0081774 6.8083e-05 5.73302e-05
36 0.00798987 0.000211177 5.73302e-05
37 0.000161787 8.62571e-05 5.73302e-05
38 0.00851004 5.24059e-05 5.73302e-05
39 0.00845139 0.000115692 5.24059e-05
40 0.000161327 4.63566e-05 5.24059e-05
41 0.00730801 4.70812e-05 4.63566e-05
42 0.00715839 4.88114e-05 4.63566e-05
43 0.00772465 6.09657e-05 4.63566e-05
44 0.000275843 0.000643768 4.63566e-05
45 0.00762173 3.99093e-05 4.63566e-05
46 0.000595137 3.40581e-05 3.99093e-05
47 0.00646601 3.38105e-05 3.40581e-05
48 0.000608061 4.12323e-05 3.38105e-05
49 0.000653474 0.00180636 3.38105e-05
50 0.00667236 3.81735e-05 3.38105e-05
51 0.00706145 5.39662e-05 3.38105e-05
52 0.000218462 0.00010115 3.38105e-05
53 0.000572627 0.00994663 3.38105e-05
54 0.000555079 0.00366704 3.38105e-05
55 0.000545849 3.35525e-05 3.38105e-05
56 0.000526804 3.25602e-05 3.35525e-05
57 0.000525541 9.39916e-05 3.25602e-05
58 0.000498971 8.43784e-05 3.25602e-05
59 0.000494932 3.68696e-05 3.25602e-05
60 0.000472738 0.00125178 3.25602e-05
61 0.000458905 2.61219e-05 3.25602e-05
62 0.000441259 2.63848e-05 2.61219e-05
63 0.000444215 5.04633e-05 2.61219e-05
64 0.000429027 4.30314e-05 2.61219e-05
65 0.000406247 5.95335e-05 2.61219e-05
66 0.00038067 0.000804121 2.61219e-05
67 0.00037091 3.0654e-05 2.61219e-05
68 0.000354663 0.000262613 2.61219e-05
69 0.000330623 5.26412e-05 2.61219e-05
70 0.000317893 3.42256e-05 2.61219e-05
71 0.000295629 3.08422e-05 2.61219e-05
72 0.000278132 0.00138536 2.61219e-05
73 0.000272098 2.73216e-05 2.61219e-05
74 0.000255521 4.54313e-05 2.61219e-05
75 0.000256015 0.000347544 2.61219e-05
76 0.000238048 7.73342e-05 2.61219e-05
77 0.000240189 3.7911e-05 2.61219e-05
78 0.000234395 3.08292e-05 2.61219e-05
79 0.000230328 4.57482e-05 2.61219e-05
80 0.000222317 9.15561e-05 2.61219e-05
81 0.000221971 4.3325e-05 2.61219e-05
82 0.000219482 0.000327195 2.61219e-05
83 0.000218009 3.0607e-05 2.61219e-05
84 0.000210551 0.000243504 2.61219e-05
85 0.000211588 5.243e-05 2.61219e-05
86 0.000207711 9.30236e-05 2.61219e-05
87 0.00020539 4.6281e-05 2.61219e-05
88 0.000205477 3.33135e-05 2.61219e-05
89 0.000204359 3.19681e-05 2.61219e-05
90 0.000195467 5.47924e-05 2.61219e-05
91 0.000196261 0.000647095 2.61219e-05
92 0.000195459 3.7244e-05 2.61219e-05
93 0.000193258 4.50812e-05 2.61219e-05
94 0.0001927 4.05122e-05 2.61219e-05
95 0.000184368 8.04791e-05 2.61219e-05
96 0.000184405 0.000232323 2.61219e-05
97 0.000181895 2.15993e-05 2.61219e-05
98 0.000178481 2.95887e-05 2.15993e-05
99 0.000176345 6.71296e-05 2.15993e-05
100 0.000174041 2.24582e-05 2.15993e-05
101 0.000171459 5.58338e-05 2.15993e-05
102 0.000171361 4.48574e-05 2.15993e-05
103 0.000182212 4.21063e-05 2.15993e-05
104 0.000174068 9.54473e-05 2.15993e-05
105 0.000163599 3.05596e-05 2.15993e-05
106 0.000166717 0.000293098 2.15993e-05
107 0.000173806 3.78875e-05 2.15993e-05
108 0.000164314 0.000112836 2.15993e-05
109 0.000159624 9.70799e-05 2.15993e-05
110 0.000155966 0.000201317 2.15993e-05
111 0.0001541 3.05807e-05 2.15993e-05
112 0.000152019 0.000260502 2.15993e-05
113 0.000150048 0.000429129 2.15993e-05
114 0.000150348 3.80334e-05 2.15993e-05
115 0.000148979 2.2364e-05 2.15993e-05
116 0.00014629 4.31417e-05 2.15993e-05
117 0.000143108 8.1758e-05 2.15993e-05
118 0.000139547 0.000242264 2.15993e-05
119 0.000137649 8.19655e-05 2.15993e-05
120 0.00013205 0.0002168 2.15993e-05
121 0.000129137 4.98903e-05 2.15993e-05
122 0.00012653 4.1257e-05 2.15993e-05
123 0.000125741 2.90096e-05 2.15993e-05
124 0.000123251 5.20306e-05 2.15993e-05
125 0.000121502 1.83814e-05 2.15993e-05
126 0.000120845 0.000607471 1.83814e-05
127 0.000117921 2.2332e-05 1.83814e-05
128 0.000117025 7.62358e-05 1.83814e-05
129 0.000120835 3.59291e-05 1.83814e-05
130 0.000114874 1.91751e-05 1.83814e-05
131 0.000117874 2.06089e-05 1.83814e-05
132 0.000115082 2.42662e-05 1.83814e-05
133 0.000114381 0.000993769 1.83814e-05
134 0.00011689 0.00260608 1.83814e-05
135 0.000111938 0.000136308 1.83814e-05
136 0.000112891 1.87642e-05 1.83814e-05
137 0.000109679 7.32593e-05 1.83814e-05
138 0.000110328 5.22023e-05 1.83814e-05
139 0.000110215 9.94913e-05 1.83814e-05
140 0.000109352 7.68892e-05 1.83814e-05
141 0.000108633 1.84519e-05 1.83814e-05
142 0.000107504 2.40231e-05 1.83814e-05
143 0.000108126 1.99655e-05 1.83814e-05
144 0.000106854 3.50374e-05 1.83814e-05
145 0.000107738 2.37954e-05 1.83814e-05
146 0.000106037 0.000124792 1.83814e-05
147 0.00010338 5.69664e-05 1.83814e-05
148 0.000103588 1.62886e-05 1.83814e-05
149 9.98825e-05 4.61788e-05 1.62886e-05
150 0.00010158 2.57806e-05 1.62886e-05
151 0.000101269 1.96343e-05 1.62886e-05
152 0.000101145 2.83606e-05 1.62886e-05
153 0.000101136 2.8002e-05 1.62886e-05
154 9.81021e-05 2.15502e-05 1.62886e-05
155 9.69322e-05 4.03989e-05 1.62886e-05
156 9.64879e-05 7.02303e-05 1.62886e-05
157 9.41533e-05 2.01042e-05 1.62886e-05
158 9.49209e-05 1.82503e-05 1.62886e-05
159 9.42709e-05 2.14097e-05 1.62886e-05
160 9.11662e-05 1.66379e-05 1.62886e-05
161 9.13893e-05 0.000104908 1.62886e-05
162 9.02696e-05 0.000203574 1.62886e-05
163 9.15372e-05 0.000106165 1.62886e-05
164 9.14639e-05 3.01386e-05 1.62886e-05
165 9.12284e-05 2.37051e-05 1.62886e-05
166 8.92252e-05 2.19863e-05 1.62886e-05
167 8.93534e-05 7.14456e-05 1.62886e-05
168 9.02728e-05 1.56135e-05 1.62886e-05
169 9.02395e-05 3.97431e-05 1.56135e-05
170 8.89537e-05 5.66517e-05 1.56135e-05
171 8.96069e-05 1.53553e-05 1.56135e-05
172 8.91211e-05 2.04257e-05 1.53553e-05
173 8.7547e-05 1.82418e-05 1.53553e-05
174 8.81811e-05 0.000235072 1.53553e-05
175 8.74599e-05 0.000275561 1.53553e-05
176 8.71535e-05 1.55923e-05 1.53553e-05
177 8.85499e-05 1.69383e-05 1.53553e-05
178 8.68552e-05 0.000135581 1.53553e-05
179 8.63511e-05 0.000295659 1.53553e-05
180 8.56488e-05 0.000365926 1.53553e-05
181 8.58873e-05 2.9982e-05 1.53553e-05
182 8.68118e-05 1.77784e-05 1.53553e-05
183 8.46589e-05 0.000184631 1.53553e-05
184 8.54766e-05 4.67738e-05 1.53553e-05
185 8.41788e-05 6.64281e-05 1.53553e-05
186 8.51155e-05 1.66946e-05 1.53553e-05
187 8.53611e-05 8.11986e-05 1.53553e-05
188 8.3917e-05 4.27646e-05 1.53553e-05
189 8.36958e-05 3.61299e-05 1.53553e-05
190 8.33278e-05 1.72549e-05 1.53553e-05
191 8.25403e-05 3.16354e-05 1.53553e-05
192 8.19824e-05 4.67259e-05 1.53553e-05
193 8.0304e-05 0.000223204 1.53553e-05
194 8.05378e-05 2.27405e-05 1.53553e-05
195 8.0332e-05 0.000621528 1.53553e-05
196 8.14184e-05 5.60121e-05 1.53553e-05
197 8.01448e-05 2.82362e-05 1.53553e-05
198 7.789e-05 1.78405e-05 1.53553e-05
199 7.89032e-05 1.43563e-05 1.53553e-05
200 7.72918e-05 2.5375e-05 1.43563e-05
201 7.73795e-05 1.3766e-05 1.43563e-05
202 7.66546e-05 9.84698e-05 1.3766e-05
203 7.47907e-05 3.6227e-05 1.3766e-05
204 7.51741e-05 1.2381e-05 1.3766e-05
205 7.22158e-05 0.000124187 1.2381e-05
206 7.15073e-05 1.57036e-05 1.2381e-05
207 6.95598e-05 1.93465e-05 1.2381e-05
208 7.02977e-05 5.52259e-05 1.2381e-05
209 6.77897e-05 1.26307e-05 1.2381e-05
210 6.77869e-05 1.68465e-05 1.2381e-05
211 6.77353e-05 8.17493e-05 1.2381e-05
212 6.61668e-05 2.34864e-05 1.2381e-05
213 6.59303e-05 1.33198e-05 1.2381e-05
214 6.52337e-05 1.68782e-05 1.2381e-05
215 6.42281e-05 1.53132e-05 1.2381e-05
216 6.48611e-05 1.54455e-05 1.2381e-05
217 6.37145e-05 1.26057e-05 1.2381e-05
218 6.31316e-05 1.95538e-05 1.2381e-05
219 6.3844e-05 1.88729e-05 1.2381e-05
220 6.24548e-05 6.41697e-05 1.2381e-05
221 6.1797e-05 1.49626e-05 1.2381e-05
222 6.21293e-05 0.000293827 1.2381e-05
223 6.13417e-05 3.545e-05 1.2381e-05
224 6.09742e-05 3.24944e-05 1.2381e-05
225 5.98947e-05 0.00024155 1.2381e-05
226 6.03988e-05 4.60283e-05 1.2381e-05
227 5.96565e-05 2.41925e-05 1.2381e-05
228 6.11298e-05 8.21276e-05 1.2381e-05
229 6.02459e-05 9.66957e-05 1.2381e-05
230 5.93449e-05 4.11059e-05 1.2381e-05
231 5.8507e-05 1.2244e-05 1.2381e-05
232 5.94998e-05 3.48397e-05 1.2244e-05
233 5.9653e-05 1.53817e-05 1.2244e-05
234 6.05243e-05 1.56703e-05 1.2244e-05
235 5.78875e-05 1.75822e-05 1.2244e-05
236 5.75803e-05 0.000320041 1.2244e-05
237 5.86917e-05 0.000109234 1.2244e-05
238 5.79919e-05 0.000232044 1.2244e-05
239 5.82505e-05 3.652e-05 1.2244e-05
240 5.83785e-05 3.73352e-05 1.2244e-05
241 5.7245e-05 0.000202165 1.2244e-05
242 5.76165e-05 0.000129669 1.2244e-05
243 5.53236e-05 2.5931e-05 1.2244e-05
244 5.67918e-05 2.03898e-05 1.2244e-05
245 5.67615e-05 1.24224e-05 1.2244e-05
246 5.76858e-05 5.31949e-05 1.2244e-05
247 5.56585e-05 2.68282e-05 1.2244e-05
248 5.56341e-05 1.44795e-05 1.2244e-05
249 5.73019e-05 2.20712e-05 1.2244e-05
250 5.44664e-05 0.000113721 1.2244e-05
251 5.47466e-05 0.000110338 1.2244e-05
252 5.49713e-05 3.47533e-05 1.2244e-05
253 5.45516e-05 2.58831e-05 1.2244e-05
254 5.50123e-05 6.12906e-05 1.2244e-05
255 5.52732e-05 1.82899e-05 1.2244e-05
256 5.41509e-05 1.68602e-05 1.2244e-05
257 5.5729e-05 0.000858115 1.2244e-05
258 5.38162e-05 1.12151e-05 1.2244e-05
259 5.40034e-05 5.73125e-05 1.12151e-05
260 5.44938e-05 4.12566e-05 1.12151e-05
261 5.36972e-05 1.52486e-05 1.12151e-05
262 5.60254e-05 9.73234e-05 1.12151e-05
263 5.19433e-05 4.28598e-05 1.12151e-05
264 5.33883e-05 1.46722e-05 1.12151e-05
265 5.41748e-05 8.30196e-05 1.12151e-05
266 5.3717e-05 5.35839e-05 1.12151e-05
267 5.26366e-05 3.86775e-05 1.12151e-05
268 5.35832e-05 2.96406e-05 1.12151e-05
269 5.28117e-05 2.36882e-05 1.12151e-05
270 5.23671e-05 1.90949e-05 1.12151e-05
271 5.29735e-05 2.09716e-05 1.12151e-05
272 5.356e-05 1.06919e-05 1.12151e-05
273 5.28764e-05 0.000149032 1.06919e-05
274 5.34424e-05 1.26451e-05 1.06919e-05
275 5.2634e-05 2.48749e-05 1.06919e-05
276 5.24855e-05 2.01409e-05 1.06919e-05
277 5.16688e-05 1.45708e-05 1.06919e-05
278 5.14876e-05 1.22034e-05 1.06919e-05
279 5.30119e-05 9.74317e-05 1.06919e-05
280 5.06416e-05 1.22711e-05 1.06919e-05
281 5.15449e-05 7.0264e-05 1.06919e-05
282 5.1172e-05 1.25682e-05 1.06919e-05
283 5.17441e-05 0.000965643 1.06919e-05
284 5.09429e-05 1.44903e-05 1.06919e-05
285 5.07622e-05 8.80007e-05 1.06919e-05
286 5.17394e-05 5.83673e-05 1.06919e-05
287 5.14568e-05 0.00012333 1.06919e-05
288 5.05762e-05 2.0837e-05 1.06919e-05
289 5.09335e-05 2.68488e-05 1.06919e-05
290 5.12714e-05 1.47678e-05 1.06919e-05
291 5.13167e-05 1.70314e-05 1.06919e-05
292 5.05676e-05 7.12775e-05 1.06919e-05
293 4.97332e-05 2.8897e-05 1.06919e-05
294 5.15916e-05 8.06896e-05 1.06919e-05
295 5.04181e-05 4.96702e-05 1.06919e-05
296 5.11581e-05 0.000311732 1.06919e-05
297 4.99044e-05 1.24391e-05 1.06919e-05
298 5.15888e-05 1.09251e-05 1.06919e-05
299 4.99383e-05 1.81092e-05 1.06919e-05
300 5.09105e-05 4.11783e-05 1.06919e-05
301 4.99738e-05 0.000202472 1.06919e-05
302 5.03835e-05 1.65403e-05 1.06919e-05
303 5.00399e-05 0.000125849 1.06919e-05
304 4.95828e-05 0.000181505 1.06919e-05
305 4.9473e-05 3.38044e-05 1.06919e-05
306 5.03534e-05 6.28327e-05 1.06919e-05
307 4.99643e-05 2.93809e-05 1.06919e-05
308 4.94588e-05 0.000157905 1.06919e-05
309 4.95494e-05 1.05582e-05 1.06919e-05
310 5.03021e-05 1.46995e-05 1.05582e-05
311 4.94448e-05 2.93107e-05 1.05582e-05
312 4.97565e-05 0.000115335 1.05582e-05
313 4.88265e-05 1.04384e-05 1.05582e-05
314 4.99111e-05 2.47092e-05 1.04384e-05
315 4.97709e-05 9.64327e-06 1.04384e-05
316 4.92096e-05 1.23907e-05 9.64327e-06
317 5.00186e-05 0.000316425 9.64327e-06
318 4.94863e-05 1.49005e-05 9.64327e-06
319 4.87163e-05 2.06383e-05 9.64327e-06
320 4.95254e-05 1.05673e-05 9.64327e-06
321 5.08059e-05 9.32233e-05 9.64327e-06
322 4.8925e-05 1.65997e-05 9.64327e-06
323 4.94056e-05 3.50072e-05 9.64327e-06
324 5.00974e-05 1.98241e-05 9.64327e-06
325 4.8715e-05 1.78656e-05 9.64327e-06
326 4.95626e-05 1.9062e-05 9.64327e-06
327 4.93968e-05 1.93671e-05 9.64327e-06
328 4.97561e-05 1.47163e-05 9.64327e-06
329 4.8571e-05 3.7348e-05 9.64327e-06
330 4.88726e-05 4.45383e-05 9.64327e-06
331 4.88106e-05 8.12142e-05 9.64327e-06
332 4.93741e-05 1.60175e-05 9.64327e-06
333 4.94341e-05 1.19661e-05 9.64327e-06
334 4.8812e-05 1.0543e-05 9.64327e-06
335 4.90829e-05 2.87479e-05 9.64327e-06
336 4.88297e-05 5.68312e-05 9.64327e-06
337 4.90057e-05 9.62566e-05 9.64327e-06
338 4.84426e-05 2.55873e-05 9.64327e-06
339 4.93957e-05 1.33989e-05 9.64327e-06
340 4.89227e-05 3.31437e-05 9.64327e-06
341 4.79845e-05 7.58826e-05 9.64327e-06
342 4.82963e-05 4.19018e-05 9.64327e-06
343 4.81642e-05 8.484e-05 9.64327e-06
344 4.87032e-05 1.46547e-05 9.64327e-06
345 4.78617e-05 0.000137567 9.64327e-06
346 4.87461e-05 3.24113e-05 9.64327e-06
347 4.88643e-05 2.80539e-05 9.64327e-06
348 4.76402e-05 7.24036e-05 9.64327e-06
349 4.88279e-05 3.27099e-05 9.64327e-06
350 4.83432e-05 7.9155e-05 9.64327e-06
351 4.86977e-05 3.73691e-05 9.64327e-06
352 4.87399e-05 9.57187e-05 9.64327e-06
353 4.87301e-05 1.27629e-05 9.64327e-06
354 4.79755e-05 1.60176e-05 9.64327e-06
355 4.81829e-05 0.000374633 9.64327e-06
356 4.94297e-05 2.37769e-05 9.64327e-06
357 4.8599e-05 5.96335e-05 9.64327e-06
358 4.9384e-05 9.42561e-06 9.64327e-06
359 4.8514e-05 2.04387e-05 9.42561e-06
360 4.89482e-05 3.90382e-05 9.42561e-06
361 4.72924e-05 2.45423e-05 9.42561e-06
362 4.74737e-05 2.90801e-05 9.42561e-06
363 4.88206e-05 1.56843e-05 9.42561e-06
364 4.78642e-05 2.13882e-05 9.42561e-06
365 4.7421e-05 9.91482e-05 9.42561e-06
366 4.78514e-05 1.31826e-05 9.42561e-06
367 4.6935e-05 1.12269e-05 9.42561e-06
368 4.82215e-05 2.84885e-05 9.42561e-06
369 4.78249e-05 1.57499e-05 9.42561e-06
370 4.70061e-05 1.52002e-05 9.42561e-06
371 4.71353e-05 3.77292e-05 9.42561e-06
372 4.66679e-05 1.07661e-05 9.42561e-06
373 4.65892e-05 2.08834e-05 9.42561e-06
374 4.65209e-05 2.10478e-05 9.42561e-06
375 4.73755e-05 1.42411e-05 9.42561e-06
376 4.58971e-05 2.42198e-05 9.42561e-06
377 4.6418e-05 1.43762e-05 9.42561e-06
378 4.72306e-05 1.44582e-05 9.42561e-06
379 4.71998e-05 1.12087e-05 9.42561e-06
380 4.59573e-05 1.33356e-05 9.42561e-06
381 4.66457e-05 7.32108e-05 9.42561e-06
382 4.63459e-05 1.50505e-05 9.42561e-06
383 4.63523e-05 1.60934e-05 9.42561e-06
384 4.73304e-05 8.98711e-06 9.42561e-06
385 4.64329e-05 1.52714e-05 8.98711e-06
386 4.65643e-05 2.2519e-05 8.98711e-06
387 4.7076e-05 2.81624e-05 8.98711e-06
388 4.59749e-05 2.32778e-05 8.98711e-06
389 4.52736e-05 1.37131e-05 8.98711e-06
390 4.70972e-05 6.90917e-05 8.98711e-06
391 4.51895e-05 3.49481e-05 8.98711e-06
392 4.57683e-05 1.73312e-05 8.98711e-06
393 4.53309e-05 2.01686e-05 8.98711e-06
394 4.64971e-05 2.97922e-05 8.98711e-06
395 4.56078e-05 0.000283531 8.98711e-06
396 4.57011e-05 2.62745e-05 8.98711e-06
397 4.54821e-05 1.63364e-05 8.98711e-06
398 4.50239e-05 2.91922e-05 8.98711e-06
399 4.53002e-05 1.04714e-05 8.98711e-06
400 4.44965e-05 1.61111e-05 8.98711e-06
401 4.56145e-05 0.000101134 8.98711e-06
402 4.41679e-05 4.68947e-05 8.98711e-06
403 4.50344e-05 4.98983e-05 8.98711e-06
404 4.45904e-05 5.85982e-05 8.98711e-06
405 4.43618e-05 1.44772e-05 8.98711e-06
406 4.47992e-05 0.000114629 8.98711e-06
407 4.40206e-05 1.89223e-05 8.98711e-06
408 4.4301e-05 4.29552e-05 8.98711e-06
409 4.43483e-05 0.000381119 8.98711e-06
410 4.51242e-05 1.56789e-05 8.98711e-06
411 4.46555e-05 0.000135466 8.98711e-06
412 4.4318e-05 1.42932e-05 8.98711e-06
413 4.4712e-05 0.000176971 8.98711e-06
414 4.4922e-05 1.05831e-05 8.98711e-06
415 4.17773e-05 9.87035e-06 8.98711e-06
416 4.30164e-05 9.8636e-06 8.98711e-06
417 4.32259e-05 2.83768e-05 8.98711e-06
418 4.33977e-05 1.2681e-05 8.98711e-06
419 4.30166e-05 4.89697e-05 8.98711e-06
420 4.31788e-05 9.83453e-06 8.98711e-06
421 4.1844e-05 1.87128e-05 8.98711e-06
422 4.25664e-05 1.41983e-05 8.98711e-06
423 4.23923e-05 4.1215e-05 8.98711e-06
424 4.22142e-05 0.000107563 8.98711e-06
425 4.26225e-05 1.76092e-05 8.98711e-06
426 4.17334e-05 3.55487e-05 8.98711e-06
427 4.46736e-05 7.13872e-05 8.98711e-06
428 4.37998e-05 6.09033e-05 8.98711e-06
429 4.21577e-05 3.46194e-05 8.98711e-06
430 4.02796e-05 1.33803e-05 8.98711e-06
431 4.01735e-05 9.61975e-06 8.98711e-06
432 3.78528e-05 0.000174585 8.98711e-06
433 3.67182e-05 1.22562e-05 8.98711e-06
434 3.63728e-05 0.000186522 8.98711e-06
435 3.59069e-05 2.16998e-05 8.98711e-06
436 4.08304e-05 1.01337e-05 8.98711e-06
437 3.38024e-05 2.65472e-05 8.98711e-06
438 3.46788e-05 1.33992e-05 8.98711e-06
439 3.70046e-05 1.69341e-05 8.98711e-06
440 3.55002e-05 6.29281e-05 8.98711e-06
441 3.46812e-05 1.04715e-05 8.98711e-06
442 3.7206e-05 8.79616e-06 8.98711e-06
443 3.68511e-05 0.000168291 8.79616e-06
444 3.42345e-05 4.35765e-05 8.79616e-06
445 3.40005e-05 3.30157e-05 8.79616e-06
446 3.35927e-05 5.08803e-05 8.79616e-06
447 3.5885e-05 1.88457e-05 8.79616e-06
448 3.54375e-05 1.84055e-05 8.79616e-06
449 3.4618e-05 9.79344e-06 8.79616e-06
450 3.43024e-05 2.00608e-05 8.79616e-06
451 3.23037e-05 9.09297e-06 8.79616e-06
452 3.2921e-05 9.22798e-06 8.79616e-06
453 3.31935e-05 1.22987e-05 8.79616e-06
454 3.35201e-05 1.25987e-05 8.79616e-06
455 3.27574e-05 3.11238e-05 8.79616e-06
456 3.35449e-05 1.17869e-05 8.79616e-06
457 3.35201e-05 8.82668e-06 8.79616e-06
458 3.26846e-05 7.81435e-05 8.79616e-06
459 3.26478e-05 2.1512e-05 8.79616e-06
460 3.37546e-05 1.92022e-05 8.79616e-06
461 3.29036e-05 1.4033e-05 8.79616e-06
462 3.51929e-05 1.67088e-05 8.79616e-06
463 3.05125e-05 2.09324e-05 8.79616e-06
464 3.18316e-05 1.29956e-05 8.79616e-06
465 3.41617e-05 1.45949e-05 8.79616e-06
466 3.28033e-05 8.81081e-06 8.79616e-06
467 3.17493e-05 1.34042e-05 8.79616e-06
468 3.34784e-05 1.08581e-05 8.79616e-06
469 3.12943e-05 1.26279e-05 8.79616e-06
470 3.2647e-05 1.24988e-05 8.79616e-06
471 3.22139e-05 2.19121e-05 8.79616e-06
472 3.28867e-05 1.48382e-05 8.79616e-06
473 3.22817e-05 1.77307e-05 8.79616e-06
474 3.19498e-05 1.78731e-05 8.79616e-06
475 3.22581e-05 0.000101084 8.79616e-06
476 3.26183e-05 9.32276e-06 8.79616e-06
477 3.20294e-05 1.02337e-05 8.79616e-06
478 3.14987e-05 3.05472e-05 8.79616e-06
479 3.15059e-05 1.00919e-05 8.79616e-06
480 3.20124e-05 9.37099e-06 8.79616e-06
481 3.16343e-05 1.34016e-05 8.79616e-06
482 3.06661e-05 2.52441e-05 8.79616e-06
483 3.20008e-05 1.02931e-05 8.79616e-06
484 3.14291e-05 0.000180181 8.79616e-06
485 3.17482e-05 5.40092e-05 8.79616e-06
486 3.16288e-05 1.35892e-05 8.79616e-06
487 3.2322e-05 1.02247e-05 8.79616e-06
488 3.16754e-05 1.34128e-05 8.79616e-06
489 3.04449e-05 3.64338e-05 8.79616e-06
490 3.02705e-05 9.60627e-06 8.79616e-06
491 3.0242e-05 1.20413e-05 8.79616e-06
492 3.06411e-05 2.53712e-05 8.79616e-06
493 3.20243e-05 3.54775e-05 8.79616e-06
494 3.15735e-05 1.17054e-05 8.79616e-06
495 3.16556e-05 3.24503e-05 8.79616e-06
496 3.01385e-05 1.63214e-05 8.79616e-06
497 2.98237e-05 2.4775e-05 8.79616e-06
498 3.30589e-05 1.29019e-05 8.79616e-06
499 2.98843e-05 9.0114e-06 8.79616e-06
500 3.04922e-05 1.54495e-05 8.79616e-06
501 3.06977e-05 2.83302e-05 8.79616e-06
502 3.05193e-05 9.40643e-06 8.79616e-06
503 3.16171e-05 7.8974e-06 8.79616e-06
504 2.97309e-05 1.20724e-05 7.8974e-06
505 2.98507e-05 1.325e-05 7.8974e-06
506 2.9953e-05 2.65176e-05 7.8974e-06
507 3.05692e-05 1.51131e-05 7.8974e-06
508 3.0698e-05 1.57258e-05 7.8974e-06
509 3.05044e-05 0.000255129 7.8974e-06
510 3.06898e-05 1.35812e-05 7.8974e-06
511 3.00522e-05 1.2632e-05 7.8974e-06
512 3.05455e-05 9.01722e-05 7.8974e-06
513 2.95689e-05 5.90012e-05 7.8974e-06
514 3.02932e-05 1.16469e-05 7.8974e-06
515 2.88652e-05 1.01898e-05 7.8974e-06
516 3.11003e-05 9.41958e-06 7.8974e-06
517 2.88942e-05 1.45489e-05 7.8974e-06
518 2.93284e-05 4.40727e-05 7.8974e-06
519 3.14055e-05 3.08986e-05 7.8974e-06
520 2.83329e-05 2.36125e-05 7.8974e-06
521 2.95625e-05 2.05455e-05 7.8974e-06
522 2.84527e-05 1.71315e-05 7.8974e-06
523 3.17103e-05 2.78916e-05 7.8974e-06
524 2.90435e-05 2.08994e-05 7.8974e-06
525 2.98959e-05 1.5209e-05 7.8974e-06
526 2.89e-05 2.28459e-05 7.8974e-06
527 2.98575e-05 1.06267e-05 7.8974e-06
528 2.88255e-05 1.07487e-05 7.8974e-06
529 2.96996e-05 9.52696e-06 7.8974e-06
530 2.94593e-05 1.88423e-05 7.8974e-06
531 2.96209e-05 1.7464e-05 7.8974e-06
532 3.16863e-05 1.03643e-05 7.8974e-06
533 2.762e-05 5.43613e-05 7.8974e-06
534 2.99586e-05 2.11176e-05 7.8974e-06
535 2.8713e-05 0.000160431 7.8974e-06
536 3.04945e-05 1.70988e-05 7.8974e-06
537 2.88688e-05 2.9933e-05 7.8974e-06
538 2.86348e-05 4.90176e-05 7.8974e-06
539 3.0152e-05 1.00857e-05 7.8974e-06
540 2.86493e-05 1.10557e-05 7.8974e-06
541 2.94369e-05 2.60032e-05 7.8974e-06
542 2.89993e-05 2.6219e-05 7.8974e-06
543 2.95737e-05 9.47557e-06 7.8974e-06
544 3.0869e-05 8.97974e-06 7.8974e-06
545 2.82388e-05 4.66714e-05 7.8974e-06
546 2.95241e-05 9.45308e-05 7.8974e-06
547 2.96441e-05 1.2013e-05 7.8974e-06
548 2.91201e-05 9.3834e-06 7.8974e-06
549 2.86756e-05 9.22192e-05 7.8974e-06
550 2.95094e-05 1.63273e-05 7.8974e-06
551 2.92961e-05 2.69879e-05 7.8974e-06
552 2.93098e-05 1.59914e-05 7.8974e-06
553 2.86278e-05 2.5716e-05 7.8974e-06
554 2.81306e-05 5.89103e-05 7.8974e-06
555 2.9826e-05 8.37421e-06 7.8974e-06
556 2.91443e-05 1.08256e-05 7.8974e-06
557 2.88874e-05 9.06175e-06 7.8974e-06
558 2.84792e-05 9.58888e-06 7.8974e-06
559 2.83828e-05 1.85721e-05 7.8974e-06
560 2.80715e-05 2.40927e-05 7.8974e-06
561 2.92329e-05 3.38218e-05 7.8974e-06
562 2.87755e-05 1.103e-05 7.8974e-06
563 2.84536e-05 1.08992e-05 7.8974e-06
564 2.86786e-05 9.19979e-06 7.8974e-06
565 2.8997e-05 3.87486e-05 7.8974e-06
566 2.83015e-05 9.86489e-05 7.8974e-06
567 2.80705e-05 8.43179e-06 7.8974e-06
568 2.83609e-05 3.31002e-05 7.8974e-06
569 2.83788e-05 1.08148e-05 7.8974e-06
570 2.90668e-05 1.56347e-05 7.8974e-06
571 2.77628e-05 1.36548e-05 7.8974e-06
572 2.7683e-05 8.5327e-06 7.8974e-06
573 2.90675e-05 1.18044e-05 7.8974e-06
574 2.71998e-05 2.30483e-05 7.8974e-06
575 2.87452e-05 8.27156e-06 7.8974e-06
576 2.81889e-05 1.18638e-05 7.8974e-06
577 2.76614e-05 2.79878e-05 7.8974e-06
578 2.85697e-05 1.72568e-05 7.8974e-06
579 2.74263e-05 4.66899e-05 7.8974e-06
580 2.76582e-05 2.43003e-05 7.8974e-06
581 2.8393e-05 3.0235e-05 7.8974e-06
582 2.843e-05 1.39535e-05 7.8974e-06
583 2.73701e-05 9.50197e-06 7.8974e-06
584 2.7514e-05 9.39178e-06 7.8974e-06
585 2.75864e-05 9.2033e-06 7.8974e-06
586 2.73524e-05 1.56076e-05 7.8974e-06
587 2.74311e-05 1.05884e-05 7.8974e-06
588 2.83627e-05 1.51629e-05 7.8974e-06
589 2.76536e-05 9.95138e-06 7.8974e-06
590 2.75153e-05 2.2395e-05 7.8974e-06
591 2.7178e-05 3.86822e-05 7.8974e-06
592 2.8387e-05 8.78519e-06 7.8974e-06
593 2.72402e-05 9.23332e-06 7.8974e-06
594 2.75392e-05 3.45954e-05 7.8974e-06
595 2.70371e-05 1.14425e-05 7.8974e-06
596 2.71408e-05 3.25946e-05 7.8974e-06
597 2.7311e-05 3.02629e-05 7.8974e-06
598 2.81017e-05 3.95025e-05 7.8974e-06
599 2.68751e-05 0.000141639 7.8974e-06
600 2.65081e-05 1.02677e-05 7.8974e-06
601 2.72211e-05 1.17141e-05 7.8974e-06
602 2.72562e-05 2.08542e-05 7.8974e-06
603 2.65574e-05 4.19589e-05 7.8974e-06
604 7.78876e-06 6.98383e-06 7.8974e-06
605 7.42233e-06 7.42371e-06 6.98383e-06
606 7.37818e-06 6.9995e-06 6.98383e-06
607 7.1736e-06 7.71059e-06 6.98383e-06
608 7.06196e-06 8.47316e-06 6.98383e-06
609 6.93848e-06 7.36059e-06 6.98383e-06
610 6.85273e-06 8.18477e-06 6.98383e-06
611 6.82735e-06 6.53938e-06 6.98383e-06
612 6.92569e-06 6.40144e-06 6.53938e-06
613 6.92834e-06 8.37818e-06 6.40144e-06
614 6.82055e-06 7.19216e-06 6.40144e-06
615 6.7956e-06 7.41864e-06 6.40144e-06
616 6.69443e-06 7.2618e-06 6.40144e-06
617 6.65292e-06 8.26907e-06 6.40144e-06
618 6.69854e-06 6.13188e-06 6.40144e-06
619 6.67426e-06 7.28006e-06 6.13188e-06
620 6.57057e-06 6.04184e-06 6.13188e-06
621 6.56927e-06 6.07949e-06 6.04184e-06
622 6.563e-06 1.04252e-05 6.04184e-06
623 6.50076e-06 6.67981e-06 6.04184e-06
624 6.56325e-06 7.54747e-06 6.04184e-06
625 6.47155e-06 6.73141e-06 6.04184e-06
626 6.49564e-06 8.80966e-06 6.04184e-06
627 6.56754e-06 7.88512e-06 6.04184e-06
628 6.47947e-06 6.27903e-06 6.04184e-06
629 6.47417e-06 6.0655e-06 6.04184e-06
630 6.52211e-06 6.37772e-06 6.04184e-06
631 6.44699e-06 8.08798e-06 6.04184e-06
632 6.45283e-06 9.10764e-06 6.04184e-06
633 6.39653e-06 8.15629e-06 6.04184e-06
634 6.46046e-06 7.86182e-06 6.04184e-06
635 6.40442e-06 6.22683e-06 6.04184e-06
636 6.36758e-06 1.82122e-05 6.04184e-06
637 6.39524e-06 9.36041e-06 6.04184e-06
638 6.3704e-06 6.21739e-06 6.04184e-06
639 6.3703e-06 9.89693e-06 6.04184e-06
640 6.38386e-06 6.59474e-06 6.04184e-06
641 6.33868e-06 6.26298e-06 6.04184e-06
642 6.36872e-06 5.91718e-06 6.04184e-06
643 6.34323e-06 5.83871e-06 5.91718e-06
644 6.35141e-06 6.20704e-06 5.83871e-06
645 6.28598e-06 7.0652e-06 5.83871e-06
646 6.32982e-06 7.6284e-06 5.83871e-06
647 6.26097e-06 6.24648e-06 5.83871e-06
648 6.27404e-06 5.90462e-06 5.83871e-06
649 6.26457e-06 8.92493e-06 5.83871e-06
650 6.33695e-06 7.86321e-06 5.83871e-06
651 6.29378e-06 7.14668e-06 5.83871e-06
652 6.21728e-06 5.96909e-06 5.83871e-06
653 6.22407e-06 7.73767e-06 5.83871e-06
654 6.26355e-06 1.07394e-05 5.83871e-06
655 6.21155e-06 7.56665e-06 5.83871e-06
656 6.17629e-06 5.82592e-06 5.83871e-06
657 6.21377e-06 9.06478e-06 5.82592e-06
658 6.18399e-06 8.10025e-06 5.82592e-06
659 6.20026e-06 6.85788e-06 5.82592e-06
660 6.21437e-06 5.86962e-06 5.82592e-06
661 6.15944e-06 5.93929e-06 5.82592e-06
662 6.15343e-06 7.09384e-06 5.82592e-06
663 6.18184e-06 6.93678e-06 5.82592e-06
664 6.14999e-06 6.25823e-06 5.82592e-06
665 6.10218e-06 5.68562e-06 5.82592e-06
666 6.11417e-06 5.63909e-06 5.68562e-06
667 6.11032e-06 6.00294e-06 5.63909e-06
668 6.13929e-06 5.51021e-06 5.63909e-06
669 6.09492e-06 1.00288e-05 5.51021e-06
670 6.08672e-06 5.67368e-06 5.51021e-06
671 6.14016e-06 9.43434e-06 5.51021e-06
672 6.08998e-06 6.51157e-06 5.51021e-06
673 6.07767e-06 6.38746e-06 5.51021e-06
674 6.05004e-06 5.64283e-06 5.51021e-06
675 6.03904e-06 1.01235e-05 5.51021e-06
676 6.03627e-06 7.86122e-06 5.51021e-06
677 6.03437e-06 6.60032e-06 5.51021e-06
678 6.06036e-06 6.58772e-06 5.51021e-06
679 6.04031e-06 7.16686e-06 5.51021e-06
680 6.06003e-06 6.76781e-06 5.51021e-06
681 6.00735e-06 5.90732e-06 5.51021e-06
682 6.06681e-06 6.93634e-06 5.51021e-06
683 6.01622e-06 5.82194e-06 5.51021e-06
684 6.04483e-06 5.94227e-06 5.51021e-06
685 5.93915e-06 5.49999e-06 5.51021e-06
686 6.01647e-06 6.89595e-06 5.49999e-06
687 5.98249e-06 5.76925e-06 5.49999e-06
688 6.00371e-06 6.03815e-06 5.49999e-06
689 5.96522e-06 5.59433e-06 5.49999e-06
690 6.03687e-06 5.8693e-06 5.49999e-06
691 5.96036e-06 5.64999e-06 5.49999e-06
692 6.02719e-06 5.72347e-06 5.49999e-06
693 5.91796e-06 9.32012e-06 5.49999e-06
694 5.95613e-06 8.70807e-06 5.49999e-06
695 5.93409e-06 6.36439e-06 5.49999e-06
696 5.95318e-06 1.27845e-05 5.49999e-06
697 5.9368e-06 5.89505e-06 5.49999e-06
698 5.93379e-06 1.03341e-05 5.49999e-06
699 5.9346e-06 5.78924e-06 5.49999e-06
700 5.94388e-06 5.6719e-06 5.49999e-06
701 5.90121e-06 5.57839e-06 5.49999e-06
702 5.95904e-06 5.54367e-06 5.49999e-06
703 5.96128e-06 5.70467e-06 5.49999e-06
704 5.94126e-06 5.95588e-06 5.49999e-06
705 5.88502e-06 1.04908e-05 5.49999e-06
706 5.93859e-06 5.39757e-06 5.49999e-06
707 5.88205e-06 5.8049e-06 5.39757e-06
708 5.90879e-06 7.58198e-06 5.39757e-06
709 5.9328e-06 9.39739e-06 5.39757e-06
710 5.84087e-06 5.94539e-06 5.39757e-06
711 5.87152e-06 5.78507e-06 5.39757e-06
712 5.87128e-06 6.32731e-06 5.39757e-06
713 5.87936e-06 7.43807e-06 5.39757e-06
714 5.88989e-06 6.29569e-06 5.39757e-06
715 5.87494e-06 5.78516e-06 5.39757e-06
716 5.88484e-06 6.5325e-06 5.39757e-06
717 5.87525e-06 7.22613e-06 5.39757e-06
718 5.89307e-06 6.9719e-06 5.39757e-06
719 5.85203e-06 5.37299e-06 5.39757e-06
720 5.84995e-06 5.51568e-06 5.37299e-06
721 5.84748e-06 7.74486e-06 5.37299e-06
722 5.8196e-06 5.53107e-06 5.37299e-06
723 5.80714e-06 6.13526e-06 5.37299e-06
724 5.92322e-06 5.43966e-06 5.37299e-06
725 5.84535e-06 8.99351e-06 5.37299e-06
726 5.82596e-06 5.48606e-06 5.37299e-06
727 5.83806e-06 6.51866e-06 5.37299e-06
728 5.85489e-06 7.13246e-06 5.37299e-06
729 5.80604e-06 6.33965e-06 5.37299e-06
730 5.82541e-06 7.19218e-06 5.37299e-06
731 5.7811e-06 1.01665e-05 5.37299e-06
732 5.80413e-06 5.57178e-06 5.37299e-06
733 5.80892e-06 5.55828e-06 5.37299e-06
734 5.78155e-06 5.48813e-06 5.37299e-06
735 5.78062e-06 5.66733e-06 5.37299e-06
736 5.75565e-06 6.52314e-06 5.37299e-06
737 5.80478e-06 6.30474e-06 5.37299e-06
738 5.75596e-06 7.33542e-06 5.37299e-06
739 5.78758e-06 6.09419e-06 5.37299e-06
740 5.76668e-06 1.28339e-05 5.37299e-06
741 5.7605e-06 9.06121e-06 5.37299e-06
742 5.79113e-06 1.08868e-05 5.37299e-06
743 5.78001e-06 6.30725e-06 5.37299e-06
744 5.73268e-06 5.23324e-06 5.37299e-06
745 5.76223e-06 5.35298e-06 5.23324e-06
746 5.72771e-06 5.62716e-06 5.23324e-06
747 5.74941e-06 6.29405e-06 5.23324e-06
748 5.86755e-06 7.03344e-06 5.23324e-06
749 5.82346e-06 5.58944e-06 5.23324e-06
750 5.7358e-06 6.38411e-06 5.23324e-06
751 5.74435e-06 6.30905e-06 5.23324e-06
752 5.80129e-06 5.94397e-06 5.23324e-06
753 5.73661e-06 5.9741e-06 5.23324e-06
754 5.72121e-06 8.11969e-06 5.23324e-06
755 5.7202e-06 5.82154e-06 5.23324e-06
756 5.72595e-06 5.40409e-06 5.23324e-06
757 5.69582e-06 5.6295e-06 5.23324e-06
758 5.705e-06 5.83609e-06 5.23324e-06
759 5.67983e-06 9.62851e-06 5.23324e-06
760 5.69703e-06 5.34383e-06 5.23324e-06
761 5.81982e-06 6.4169e-06 5.23324e-06
762 5.65848e-06 6.84819e-06 5.23324e-06
763 5.77201e-06 5.78005e-06 5.23324e-06
764 5.76458e-06 5.34237e-06 5.23324e-06
765 5.73721e-06 5.67019e-06 5.23324e-06
766 5.7196e-06 5.39117e-06 5.23324e-06
767 5.71675e-06 6.07674e-06 5.23324e-06
768 5.70188e-06 9.40763e-06 5.23324e-06
769 5.70487e-06 5.63675e-06 5.23324e-06
770 5.70497e-06 7.37691e-06 5.23324e-06
771 5.66614e-06 8.54101e-06 5.23324e-06
772 5.67914e-06 5.91125e-06 5.23324e-06
773 5.67019e-06 8.06134e-06 5.23324e-06
774 5.72936e-06 5.36918e-06 5.23324e-06
775 5.64498e-06 6.92548e-06 5.23324e-06
776 5.64813e-06 5.72765e-06 5.23324e-06
777 5.69569e-06 1.10719e-05 5.23324e-06
778 5.64617e-06 5.74011e-06 5.23324e-06
779 5.67434e-06 5.16765e-06 5.23324e-06
780 5.6619e-06 5.43638e-06 5.16765e-06
781 5.68846e-06 5.26195e-06 5.16765e-06
782 5.68007e-06 7.02711e-06 5.16765e-06
783 5.67733e-06 5.89092e-06 5.16765e-06
784 5.74682e-06 7.40289e-06 5.16765e-06
785 5.70989e-06 7.71047e-06 5.16765e-06
786 5.66167e-06 5.98503e-06 5.16765e-06
787 5.59205e-06 5.39468e-06 5.16765e-06
788 5.655e-06 5.44684e-06 5.16765e-06
789 5.61363e-06 6.58604e-06 5.16765e-06
790 5.63092e-06 5.30534e-06 5.16765e-06
791 5.64883e-06 5.39424e-06 5.16765e-06
792 5.63284e-06 5.7954e-06 5.16765e-06
793 5.63026e-06 6.22722e-06 5.16765e-06
794 5.60503e-06 5.78359e-06 5.16765e-06
795 5.60614e-06 5.8816e-06 5.16765e-06
796 5.6296e-06 8.32418e-06 5.16765e-06
797 5.63743e-06 7.02478e-06 5.16765e-06
798 5.60719e-06 5.53711e-06 5.16765e-06
799 5.63888e-06 7.80393e-06 5.16765e-06
800 5.59753e-06 5.52854e-06 5.16765e-06
801 5.61409e-06 5.68758e-06 5.16765e-06
802 5.66324e-06 5.32332e-06 5.16765e-06
803 5.61748e-06 6.9791e-06 5.16765e-06
804 5.57755e-06 9.78894e-06 5.16765e-06
805 5.58814e-06 5.51601e-06 5.16765e-06
806 5.59964e-06 6.43093e-06 5.16765e-06
807 5.65646e-06 1.09173e-05 5.16765e-06
808 5.52823e-06 6.70725e-06 5.16765e-06
809 5.6309e-06 7.21181e-06 5.16765e-06
810 5.57853e-06 5.27819e-06 5.16765e-06
811 5.54944e-06 5.43194e-06 5.16765e-06
812 5.58826e-06 7.42095e-06 5.16765e-06
813 5.59596e-06 7.00576e-06 5.16765e-06
814 5.73048e-06 8.45653e-06 5.16765e-06
815 5.57288e-06 5.45662e-06 5.16765e-06
816 5.58369e-06 5.96048e-06 5.16765e-06
817 5.55842e-06 5.34025e-06 5.16765e-06
818 5.61241e-06 6.00711e-06 5.16765e-06
819 5.55332e-06 8.75827e-06 5.16765e-06
820 5.57507e-06 5.34482e-06 5.16765e-06
821 5.71437e-06 5.39809e-06 5.16765e-06
822 5.57224e-06 6.76274e-06 5.16765e-06
823 5.57444e-06 5.37448e-06 5.16765e-06
824 5.60879e-06 6.32756e-06 5.16765e-06
825 5.57993e-06 6.64628e-06 5.16765e-06
826 5.58128e-06 9.0415e-06 5.16765e-06
827 5.52379e-06 6.47958e-06 5.16765e-06
828 5.55409e-06 7.77236e-06 5.16765e-06
829 5.57235e-06 5.17764e-06 5.16765e-06
830 5.64112e-06 8.80249e-06 5.16765e-06
831 5.61397e-06 5.13715e-06 5.16765e-06
832 5.53097e-06 6.03854e-06 5.13715e-06
833 5.55395e-06 5.58261e-06 5.13715e-06
834 5.54031e-06 5.04625e-06 5.13715e-06
835 5.50412e-06 6.23147e-06 5.04625e-06
836 5.53356e-06 5.37608e-06 5.04625e-06
837 5.49661e-06 5.60222e-06 5.04625e-06
838 5.53981e-06 5.79789e-06 5.04625e-06
839 5.53615e-06 5.90493e-06 5.04625e-06
840 5.56028e-06 7.35008e-06 5.04625e-06
841 5.54352e-06 7.90899e-06 5.04625e-06
842 5.48245e-06 6.44947e-06 5.04625e-06
843 5.52824e-06 5.55429e-06 5.04625e-06
844 5.50833e-06 8.85687e-06 5.04625e-06
845 5.57524e-06 5.22009e-06 5.04625e-06
846 5.48823e-06 5.59377e-06 5.04625e-06
847 5.50382e-06 5.14778e-06 5.04625e-06
848 5.50629e-06 6.66138e-06 5.04625e-06
849 5.48056e-06 8.33895e-06 5.04625e-06
850 5.47233e-06 5.19952e-06 5.04625e-06
851 5.51603e-06 5.29188e-06 5.04625e-06
852 5.52089e-06 5.49926e-06 5.04625e-06
853 5.50188e-06 5.22025e-06 5.04625e-06
854 5.48671e-06 5.37094e-06 5.04625e-06
855 5.46338e-06 5.65032e-06 5.04625e-06
856 5.50956e-06 5.16482e-06 5.04625e-06
857 5.47409e-06 5.26374e-06 5.04625e-06
858 5.5096e-06 5.24623e-06 5.04625e-06
859 5.49204e-06 7.19807e-06 5.04625e-06
860 5.69847e-06 5.65517e-06 5.04625e-06
861 5.53016e-06 6.34761e-06 5.04625e-06
862 5.54052e-06 6.01351e-06 5.04625e-06
863 5.52413e-06 7.17539e-06 5.04625e-06
864 5.47202e-06 8.79676e-06 5.04625e-06
865 5.51343e-06 1.09507e-05 5.04625e-06
866 5.45948e-06 4.98545e-06 5.04625e-06
867 5.56221e-06 5.10051e-06 4.98545e-06
868 5.48335e-06 5.1564e-06 4.98545e-06
869 5.47104e-06 5.03002e-06 4.98545e-06
870 5.48241e-06 5.1227e-06 4.98545e-06
871 5.50722e-06 7.72588e-06 4.98545e-06
872 5.466e-06 5.11499e-06 4.98545e-06
873 5.43555e-06 5.24238e-06 4.98545e-06
874 5.44739e-06 8.46179e-06 4.98545e-06
875 5.4505e-06 5.20196e-06 4.98545e-06
876 5.44093e-06 5.30105e-06 4.98545e-06
877 5.4439e-06 7.72482e-06 4.98545e-06
878 5.4569e-06 5.07599e-06 4.98545e-06
879 5.47243e-06 6.53364e-06 4.98545e-06
880 5.49105e-06 5.20753e-06 4.98545e-06
881 5.45911e-06 5.25551e-06 4.98545e-06
882 5.41123e-06 5.25361e-06 4.98545e-06
883 5.42285e-06 4.97605e-06 4.98545e-06
884 5.44806e-06 1.16271e-05 4.97605e-06
885 5.47701e-06 5.08087e-06 4.97605e-06
886 5.43099e-06 5.06589e-06 4.97605e-06
887 5.41536e-06 7.46675e-06 4.97605e-06
888 5.4292e-06 5.66152e-06 4.97605e-06
889 5.42675e-06 7.23134e-06 4.97605e-06
890 5.40655e-06 8.00381e-06 4.97605e-06
891 5.47319e-06 5.27686e-06 4.97605e-06
892 5.41312e-06 5.81711e-06 4.97605e-06
893 5.46585e-06 5.47365e-06 4.97605e-06
894 5.46999e-06 6.34141e-06 4.97605e-06
895 5.48498e-06 7.45645e-06 4.97605e-06
896 5.42794e-06 5.25666e-06 4.97605e-06
897 5.45332e-06 5.36297e-06 4.97605e-06
898 5.39133e-06 5.45904e-06 4.97605e-06
899 5.41298e-06 5.75363e-06 4.97605e-06
900 5.41622e-06 4.97602e-06 4.97605e-06
901 5.4544e-06 7.08238e-06 4.97602e-06
902 5.4817e-06 5.55909e-06 4.97602e-06
903 5.42925e-06 9.26228e-06 4.97602e-06
904 5.4247e-06 5.4857e-06 4.97602e-06
905 5.43729e-06 5.85341e-06 4.97602e-06
906 5.39656e-06 6.04976e-06 4.97602e-06
907 5.42249e-06 6.18462e-06 4.97602e-06
908 5.4013e-06 5.76955e-06 4.97602e-06
909 5.39065e-06 6.85938e-06 4.97602e-06
910 5.41236e-06 7.49407e-06 4.97602e-06
911 5.42536e-06 5.27322e-06 4.97602e-06
912 5.39538e-06 5.0868e-06 4.97602e-06
913 5.38484e-06 5.07235e-06 4.97602e-06
914 5.39125e-06 5.37583e-06 4.97602e-06
915 5.35256e-06 5.10507e-06 4.97602e-06
916 5.40108e-06 5.21028e-06 4.97602e-06
917 5.34321e-06 6.41833e-06 4.97602e-06
918 5.35438e-06 5.00683e-06 4.97602e-06
919 5.38375e-06 5.55555e-06 4.97602e-06
920 5.34634e-06 7.86668e-06 4.97602e-06
921 5.42355e-06 6.29799e-06 4.97602e-06
922 5.41266e-06 4.97138e-06 4.97602e-06
923 5.37836e-06 4.93176e-06 4.97138e-06
924 5.44386e-06 6.14387e-06 4.93176e-06
925 5.34441e-06 5.24132e-06 4.93176e-06
926 5.37645e-06 8.0922e-06 4.93176e-06
927 5.36718e-06 5.62957e-06 4.93176e-06
928 5.34473e-06 5.19002e-06 4.93176e-06
929 5.36694e-06 5.16658e-06 4.93176e-06
930 5.35552e-06 9.32877e-06 4.93176e-06
931 5.37361e-06 5.78296e-06 4.93176e-06
932 5.35999e-06 5.26561e-06 4.93176e-06
933 5.40062e-06 8.13677e-06 4.93176e-06
934 5.35365e-06 7.3219e-06 4.93176e-06
935 5.34706e-06 9.28029e-06 4.93176e-06
936 5.33929e-06 5.03878e-06 4.93176e-06
937 5.31247e-06 7.70099e-06 4.93176e-06
938 5.35223e-06 4.9549e-06 4.93176e-06
939 5.32775e-06 6.18837e-06 4.93176e-06
940 5.33988e-06 8.33802e-06 4.93176e-06
941 5.52746e-06 5.21896e-06 4.93176e-06
942 5.32316e-06 5.84929e-06 4.93176e-06
943 5.34381e-06 5.7837e-06 4.93176e-06
944 5.35736e-06 5.00373e-06 4.93176e-06
945 5.36504e-06 4.85321e-06 4.93176e-06
946 5.4455e-06 5.20329e-06 4.85321e-06
947 5.35421e-06 6.09447e-06 4.85321e-06
948 5.31682e-06 4.98713e-06 4.85321e-06
949 5.29309e-06 5.2231e-06 4.85321e-06
950 5.35674e-06 5.37103e-06 4.85321e-06
951 5.35269e-06 7.8557e-06 4.85321e-06
952 5.30832e-06 4.9765e-06 4.85321e-06
953 5.32394e-06 6.20454e-06 4.85321e-06
954 5.33811e-06 5.46958e-06 4.85321e-06
955 5.31535e-06 6.30063e-06 4.85321e-06
956 5.34964e-06 5.97645e-06 4.85321e-06
957 5.36724e-06 7.96039e-06 4.85321e-06
958 5.31945e-06 5.71607e-06 4.85321e-06
959 5.33551e-06 4.87154e-06 4.85321e-06
960 6.0718e-06 7.50565e-06 4.85321e-06
961 5.35465e-06 7.23281e-06 4.85321e-06
962 5.31639e-06 6.72176e-06 4.85321e-06
963 5.29092e-06 8.31289e-06 4.85321e-06
964 5.30995e-06 5.10523e-06 4.85321e-06
965 5.36104e-06 5.05688e-06 4.85321e-06
966 5.31856e-06 5.01004e-06 4.85321e-06
967 5.31213e-06 5.78998e-06 4.85321e-06
968 5.28885e-06 5.36053e-06 4.85321e-06
969 5.28862e-06 6.47493e-06 4.85321e-06
970 5.31126e-06 6.51496e-06 4.85321e-06
971 5.29516e-06 7.88807e-06 4.85321e-06
972 5.26531e-06 5.17009e-06 4.85321e-06
973 5.27027e-06 7.71914e-06 4.85321e-06
974 5.30012e-06 7.067e-06 4.85321e-06
975 5.28761e-06 5.89403e-06 4.85321e-06
976 5.2632e-06 4.96159e-06 4.85321e-06
977 5.28838e-06 5.85658e-06 4.85321e-06
978 5.6413e-06 5.07792e-06 4.85321e-06
979 5.27186e-06 5.0876e-06 4.85321e-06
980 5.2811e-06 7.4547e-06 4.85321e-06
981 5.2457e-06 5.00852e-06 4.85321e-06
982 5.24783e-06 5.64891e-06 4.85321e-06
983 5.26719e-06 5.01371e-06 4.85321e-06
984 5.28782e-06 5.46152e-06 4.85321e-06
985 5.24743e-06 5.03686e-06 4.85321e-06
986 5.29041e-06 5.98431e-06 4.85321e-06
987 5.21783e-06 5.29326e-06 4.85321e-06
988 5.26916e-06 5.33946e-06 4.85321e-06
989 5.24402e-06 4.95912e-06 4.85321e-06
990 5.23946e-06 4.96024e-06 4.85321e-06
991 5.87245e-06 7.94147e-06 4.85321e-06
992 5.23691e-06 4.92987e-06 4.85321e-06
993 5.28098e-06 4.88714e-06 4.85321e-06
994 5.27425e-06 5.46065e-06 4.85321e-06
995 5.24864e-06 8.15246e-06 4.85321e-06
996 5.27043e-06 5.87474e-06 4.85321e-06
997 5.26063e-06 6.55187e-06 4.85321e-06
998 5.25125e-06 5.58376e-06 4.85321e-06
999 5.25959e-06 5.06233e-06 4.85321e-06
1000 5.23003e-06 6.21979e-06 4.85321e-06
1001 5.44469e-06 5.0584e-06 4.85321e-06
1002 5.22359e-06 4.7975e-06 4.85321e-06
1003 5.58134e-06 4.83951e-06 4.7975e-06
1004 5.25626e-06 4.88485e-06 4.7975e-06
1005 5.30306e-06 5.08731e-06 4.7975e-06
1006 5.23315e-06 5.01571e-06 4.7975e-06
1007 5.24112e-06 8.18148e-06 4.7975e-06
1008 5.20796e-06 6.38955e-06 4.7975e-06
1009 5.22701e-06 8.0511e-06 4.7975e-06
1010 5.23176e-06 5.9067e-06 4.7975e-06
1011 5.23277e-06 6.65847e-06 4.7975e-06
1012 5.52898e-06 5.30342e-06 4.7975e-06
1013 5.20868e-06 4.78697e-06 4.7975e-06
1014 5.28467e-06 4.92137e-06 4.78697e-06
1015 5.23238e-06 5.17163e-06 4.78697e-06
1016 5.20146e-06 5.90337e-06 4.78697e-06
1017 5.24e-06 6.91227e-06 4.78697e-06
1018 5.20941e-06 5.79191e-06 4.78697e-06
1019 5.2429e-06 6.08414e-06 4.78697e-06
1020 5.21501e-06 5.05789e-06 4.78697e-06
1021 5.23276e-06 5.02207e-06 4.78697e-06
1022 5.25473e-06 5.29641e-06 4.78697e-06
1023 5.21396e-06 4.88797e-06 4.78697e-06
1024 5.21118e-06 4.97469e-06 4.78697e-06
1025 5.20903e-06 5.01351e-06 4.78697e-06
1026 5.23492e-06 5.26415e-06 4.78697e-06
1027 5.22291e-06 1.06494e-05 4.78697e-06
1028 5.1953e-06 5.91262e-06 4.78697e-06
1029 5.18943e-06 4.95171e-06 4.78697e-06
1030 5.18141e-06 5.2559e-06 4.78697e-06
1031 5.18547e-06 6.43008e-06 4.78697e-06
1032 5.176e-06 1.0767e-05 4.78697e-06
1033 5.18064e-06 4.9102e-06 4.78697e-06
1034 5.26667e-06 6.07049e-06 4.78697e-06
1035 5.17717e-06 5.7613e-06 4.78697e-06
1036 5.20202e-06 4.83318e-06 4.78697e-06
1037 5.18788e-06 4.99872e-06 4.78697e-06
1038 5.20307e-06 4.98614e-06 4.78697e-06
1039 5.19372e-06 8.69754e-06 4.78697e-06
1040 5.17918e-06 6.82451e-06 4.78697e-06
1041 5.17614e-06 5.17654e-06 4.78697e-06
1042 5.21484e-06 5.67893e-06 4.78697e-06
1043 5.17702e-06 5.79572e-06 4.78697e-06
1044 5.18549e-06 5.52017e-06 4.78697e-06
1045 5.18045e-06 9.31314e-06 4.78697e-06
1046 5.16812e-06 6.16748e-06 4.78697e-06
1047 5.20258e-06 4.8849e-06 4.78697e-06
1048 5.27886e-06 4.93772e-06 4.78697e-06
1049 5.17465e-06 6.02038e-06 4.78697e-06
1050 5.15888e-06 5.38971e-06 4.78697e-06
1051 5.18954e-06 4.83935e-06 4.78697e-06
1052 5.17137e-06 6.43425e-06 4.78697e-06
1053 5.16263e-06 8.76132e-06 4.78697e-06
1054 5.16913e-06 4.95797e-06 4.78697e-06
1055 5.18169e-06 5.11806e-06 4.78697e-06
1056 5.17894e-06 6.14191e-06 4.78697e-06
1057 5.14137e-06 5.41534e-06 4.78697e-06
1058 5.17424e-06 5.56947e-06 4.78697e-06
1059 5.15394e-06 4.77991e-06 4.78697e-06
1060 5.24277e-06 5.07251e-06 4.77991e-06
1061 5.19734e-06 6.69462e-06 4.77991e-06
1062 5.15864e-06 4.87335e-06 4.77991e-06
1063 5.19013e-06 5.04081e-06 4.77991e-06
1064 5.35986e-06 5.98939e-06 4.77991e-06
1065 5.17407e-06 6.01551e-06 4.77991e-06
1066 5.15732e-06 1.54748e-05 4.77991e-06
1067 5.14131e-06 6.10581e-06 4.77991e-06
1068 5.12491e-06 4.95425e-06 4.77991e-06
1069 5.16544e-06 6.1799e-06 4.77991e-06
1070 5.18409e-06 4.90704e-06 4.77991e-06
1071 5.1312e-06 7.34284e-06 4.77991e-06
1072 5.19662e-06 5.50164e-06 4.77991e-06
1073 5.13886e-06 9.65045e-06 4.77991e-06
1074 5.12075e-06 4.80778e-06 4.77991e-06
1075 5.12378e-06 4.88838e-06 4.77991e-06
1076 5.14983e-06 4.91217e-06 4.77991e-06
1077 5.13883e-06 5.1537e-06 4.77991e-06
1078 5.11962e-06 6.43368e-06 4.77991e-06
1079 5.12604e-06 5.4009e-06 4.77991e-06
1080 5.15625e-06 5.15606e-06 4.77991e-06
1081 5.13097e-06 5.02888e-06 4.77991e-06
1082 5.1237e-06 4.83635e-06 4.77991e-06
1083 5.12381e-06 5.03522e-06 4.77991e-06
1084 5.14294e-06 5.07176e-06 4.77991e-06
1085 5.30309e-06 4.73337e-06 4.77991e-06
1086 5.11885e-06 4.82778e-06 4.73337e-06
1087 5.12841e-06 4.78095e-06 4.73337e-06
1088 5.15812e-06 5.02145e-06 4.73337e-06
1089 5.10087e-06 6.18308e-06 4.73337e-06
1090 5.35713e-06 5.32605e-06 4.73337e-06
1091 5.12913e-06 5.07524e-06 4.73337e-06
1092 5.13275e-06 5.07268e-06 4.73337e-06
1093 5.12835e-06 5.60109e-06 4.73337e-06
1094 5.10125e-06 5.06015e-06 4.73337e-06
1095 5.11579e-06 4.93143e-06 4.73337e-06
1096 5.11258e-06 5.55188e-06 4.73337e-06
1097 5.1074e-06 4.90223e-06 4.73337e-06
1098 5.11361e-06 4.9151e-06 4.73337e-06
1099 5.09775e-06 4.83158e-06 4.73337e-06
1100 5.14722e-06 5.84221e-06 4.73337e-06
1101 5.08635e-06 5.35406e-06 4.73337e-06
1102 5.14239e-06 4.72555e-06 4.73337e-06
1103 5.12558e-06 5.10167e-06 4.72555e-06
1104 5.0957e-06 6.21266e-06 4.72555e-06
1105 5.13285e-06 6.51209e-06 4.72555e-06
1106 5.11274e-06 5.06503e-06 4.72555e-06
1107 5.06798e-06 5.17978e-06 4.72555e-06
1108 5.10532e-06 5.12939e-06 4.72555e-06
1109 5.11173e-06 5.88558e-06 4.72555e-06
1110 5.1103e-06 5.04999e-06 4.72555e-06
1111 5.05843e-06 4.92306e-06 4.72555e-06
1112 5.06792e-06 4.81968e-06 4.72555e-06
1113 5.09504e-06 5.05955e-06 4.72555e-06
1114 5.1337e-06 5.82522e-06 4.72555e-06
1115 5.0782e-06 6.55781e-06 4.72555e-06
1116 5.12345e-06 4.74661e-06 4.72555e-06
1117 5.09109e-06 4.84964e-06 4.72555e-06
1118 5.14236e-06 4.95109e-06 4.72555e-06
1119 5.07755e-06 8.68732e-06 4.72555e-06
1120 5.06879e-06 5.84817e-06 4.72555e-06
1121 5.06175e-06 5.91233e-06 4.72555e-06
1122 5.05743e-06 4.82797e-06 4.72555e-06
1123 5.07645e-06 4.92851e-06 4.72555e-06
1124 5.10098e-06 5.47778e-06 4.72555e-06
1125 5.06373e-06 5.02781e-06 4.72555e-06
1126 5.0834e-06 6.24137e-06 4.72555e-06
1127 5.05946e-06 4.78267e-06 4.72555e-06
1128 6.14215e-06 7.0711e-06 4.72555e-06
1129 5.11784e-06 5.61836e-06 4.72555e-06
1130 5.07461e-06 8.12822e-06 4.72555e-06
1131 5.07716e-06 5.23613e-06 4.72555e-06
1132 5.09456e-06 5.81443e-06 4.72555e-06
1133 5.03852e-06 5.76071e-06 4.72555e-06
1134 5.08602e-06 4.80235e-06 4.72555e-06
1135 5.08747e-06 5.16772e-06 4.72555e-06
1136 5.16177e-06 5.30128e-06 4.72555e-06
1137 5.01803e-06 5.78757e-06 4.72555e-06
1138 5.07356e-06 4.84811e-06 4.72555e-06
1139 5.08075e-06 5.88016e-06 4.72555e-06
1140 5.04453e-06 4.84853e-06 4.72555e-06
1141 5.05e-06 1.07554e-05 4.72555e-06
1142 5.04968e-06 6.06242e-06 4.72555e-06
1143 5.04125e-06 4.97274e-06 4.72555e-06
1144 5.05901e-06 4.80897e-06 4.72555e-06
1145 5.09596e-06 5.02469e-06 4.72555e-06
1146 5.1379e-06 5.02057e-06 4.72555e-06
1147 5.0579e-06 5.25967e-06 4.72555e-06
1148 5.06183e-06 5.08197e-06 4.72555e-06
1149 5.05192e-06 4.81665e-06 4.72555e-06
1150 5.02094e-06 4.80687e-06 4.72555e-06
1151 5.06353e-06 5.42813e-06 4.72555e-06
1152 5.03318e-06 5.03006e-06 4.72555e-06
1153 5.02721e-06 4.69343e-06 4.72555e-06
1154 5.03704e-06 4.81093e-06 4.69343e-06
1155 5.04655e-06 5.71546e-06 4.69343e-06
1156 5.02882e-06 4.74905e-06 4.69343e-06
1157 5.03422e-06 5.17849e-06 4.69343e-06
1158 5.04609e-06 4.89446e-06 4.69343e-06
1159 5.01187e-06 4.93907e-06 4.69343e-06
1160 5.02902e-06 4.84338e-06 4.69343e-06
1161 5.06021e-06 6.83344e-06 4.69343e-06
1162 5.00463e-06 5.66892e-06 4.69343e-06
1163 5.02403e-06 4.66162e-06 4.69343e-06
1164 5.01053e-06 5.46936e-06 4.66162e-06
1165 5.01816e-06 5.49771e-06 4.66162e-06
1166 5.02937e-06 6.02615e-06 4.66162e-06
1167 5.01352e-06 5.17108e-06 4.66162e-06
1168 5.01898e-06 4.90978e-06 4.66162e-06
1169 5.0013e-06 6.71202e-06 4.66162e-06
1170 5.05471e-06 5.3234e-06 4.66162e-06
1171 5.0038e-06 8.13341e-06 4.66162e-06
1172 5.01101e-06 4.88566e-06 4.66162e-06
1173 4.97639e-06 4.88824e-06 4.66162e-06
1174 4.98762e-06 5.44968e-06 4.66162e-06
1175 5.08734e-06 5.37656e-06 4.66162e-06
1176 4.97985e-06 4.86614e-06 4.66162e-06
1177 5.00821e-06 4.95176e-06 4.66162e-06
1178 5.02225e-06 5.12428e-06 4.66162e-06
1179 4.97964e-06 5.1817e-06 4.66162e-06
1180 5.00613e-06 4.9348e-06 4.66162e-06
1181 5.00335e-06 4.81265e-06 4.66162e-06
1182 4.98582e-06 9.37671e-06 4.66162e-06
1183 4.97174e-06 5.20095e-06 4.66162e-06
1184 5.0067e-06 7.88823e-06 4.66162e-06
1185 4.95655e-06 4.90269e-06 4.66162e-06
1186 4.95813e-06 4.9064e-06 4.66162e-06
1187 5.00026e-06 5.08907e-06 4.66162e-06
1188 4.97466e-06 7.96647e-06 4.66162e-06
1189 5.01368e-06 5.06859e-06 4.66162e-06
1190 4.9739e-06 1.07433e-05 4.66162e-06
1191 4.96998e-06 5.02873e-06 4.66162e-06
1192 4.99789e-06 5.83832e-06 4.66162e-06
1193 4.98822e-06 5.99259e-06 4.66162e-06
1194 5.00537e-06 8.13021e-06 4.66162e-06
1195 4.97104e-06 5.11953e-06 4.66162e-06
1196 4.96651e-06 5.69396e-06 4.66162e-06
1197 5.34892e-06 8.03443e-06 4.66162e-06
1198 4.96174e-06 5.42375e-06 4.66162e-06
1199 4.96184e-06 5.12139e-06 4.66162e-06
1200 4.97464e-06 4.98005e-06 4.66162e-06
1201 4.9824e-06 5.27588e-06 4.66162e-06
1202 4.96148e-06 6.8525e-06 4.66162e-06
1203 4.98867e-06 4.83976e-06 4.66162e-06
1204 4.98087e-06 5.99588e-06 4.66162e-06
1205 4.97181e-06 5.33051e-06 4.66162e-06
1206 5.45385e-06 5.89752e-06 4.66162e-06
1207 5.1158e-06 5.50518e-06 4.66162e-06
1208 4.996e-06 9.56801e-06 4.66162e-06
1209 4.94381e-06 6.00697e-06 4.66162e-06
1210 4.96653e-06 4.59316e-06 4.66162e-06
1211 4.94592e-06 4.71302e-06 4.59316e-06
1212 4.97712e-06 5.20205e-06 4.59316e-06
1213 4.96486e-06 4.84131e-06 4.59316e-06
1214 4.96475e-06 5.31942e-06 4.59316e-06
1215 4.98558e-06 8.84863e-06 4.59316e-06
1216 4.95904e-06 5.0565e-06 4.59316e-06
1217 4.92605e-06 7.13224e-06 4.59316e-06
1218 4.96588e-06 6.06192e-06 4.59316e-06
1219 4.93217e-06 4.75219e-06 4.59316e-06
1220 4.93547e-06 6.04484e-06 4.59316e-06
1221 4.97357e-06 4.73199e-06 4.59316e-06
1222 4.92648e-06 4.7548e-06 4.59316e-06
1223 4.97322e-06 7.03698e-06 4.59316e-06
1224 4.96132e-06 5.33819e-06 4.59316e-06
1225 4.94708e-06 5.71062e-06 4.59316e-06
1226 4.90881e-06 4.75214e-06 4.59316e-06
1227 4.91549e-06 6.09008e-06 4.59316e-06
1228 5.01282e-06 7.0823e-06 4.59316e-06
1229 4.93881e-06 4.72499e-06 4.59316e-06
1230 4.93882e-06 1.06768e-05 4.59316e-06
1231 4.91427e-06 4.82977e-06 4.59316e-06
1232 4.92496e-06 9.31017e-06 4.59316e-06
1233 4.92999e-06 4.90397e-06 4.59316e-06
1234 4.93702e-06 5.05656e-06 4.59316e-06
1235 4.91708e-06 8.34086e-06 4.59316e-06
1236 5.05072e-06 4.87653e-06 4.59316e-06
1237 4.96665e-06 4.65077e-06 4.59316e-06
1238 4.94811e-06 4.5644e-06 4.59316e-06
1239 4.96439e-06 5.22942e-06 4.5644e-06
1240 4.93046e-06 5.1669e-06 4.5644e-06
1241 4.909e-06 7.61699e-06 4.5644e-06
1242 5.02051e-06 1.18587e-05 4.5644e-06
1243 4.94009e-06 4.63851e-06 4.5644e-06
1244 4.93577e-06 4.93862e-06 4.5644e-06
1245 4.95269e-06 5.99073e-06 4.5644e-06
1246 4.93135e-06 6.14685e-06 4.5644e-06
1247 4.97708e-06 4.67795e-06 4.5644e-06
1248 4.9075e-06 5.8838e-06 4.5644e-06
1249 4.94229e-06 4.8195e-06 4.5644e-06
1250 4.92975e-06 5.13092e-06 4.5644e-06
1251 4.89826e-06 9.07112e-06 4.5644e-06
1252 4.91002e-06 5.7025e-06 4.5644e-06
1253 4.89443e-06 6.58178e-06 4.5644e-06
1254 4.92219e-06 8.69783e-06 4.5644e-06
1255 4.91098e-06 5.32382e-06 4.5644e-06
1256 4.95475e-06 5.17145e-06 4.5644e-06
1257 4.92073e-06 4.62591e-06 4.5644e-06
1258 4.92761e-06 5.03081e-06 4.5644e-06
1259 4.93218e-06 5.17133e-06 4.5644e-06
1260 4.93444e-06 6.50298e-06 4.5644e-06
1261 5.14585e-06 4.56576e-06 4.5644e-06
1262 4.91817e-06 4.58383e-06 4.5644e-06
1263 4.91033e-06 6.98313e-06 4.5644e-06
1264 4.9102e-06 4.76221e-06 4.5644e-06
1265 4.92228e-06 5.14404e-06 4.5644e-06
1266 4.8969e-06 4.53571e-06 4.5644e-06
1267 4.92227e-06 4.67555e-06 4.53571e-06
1268 4.88485e-06 5.65102e-06 4.53571e-06
1269 4.90175e-06 5.2318e-06 4.53571e-06
1270 4.91953e-06 4.83074e-06 4.53571e-06
1271 4.89583e-06 4.51383e-06 4.53571e-06
1272 4.91632e-06 4.56641e-06 4.51383e-06
1273 4.98358e-06 7.89152e-06 4.51383e-06
1274 4.9385e-06 6.04849e-06 4.51383e-06
1275 4.92319e-06 4.95702e-06 4.51383e-06
1276 4.94058e-06 4.99772e-06 4.51383e-06
1277 4.89314e-06 8.18896e-06 4.51383e-06
1278 4.91663e-06 4.89168e-06 4.51383e-06
1279 4.88574e-06 6.58465e-06 4.51383e-06
1280 4.92236e-06 4.72449e-06 4.51383e-06
1281 4.91688e-06 4.56115e-06 4.51383e-06
1282 4.87931e-06 4.6382e-06 4.51383e-06
1283 4.86844e-06 4.74318e-06 4.51383e-06
1284 4.87582e-06 4.59095e-06 4.51383e-06
1285 4.88597e-06 5.17085e-06 4.51383e-06
1286 4.88403e-06 6.43107e-06 4.51383e-06
1287 4.90312e-06 4.96863e-06 4.51383e-06
1288 4.88484e-06 5.57296e-06 4.51383e-06
1289 5.06049e-06 5.37603e-06 4.51383e-06
1290 4.88731e-06 5.39589e-06 4.51383e-06
1291 4.89727e-06 4.80761e-06 4.51383e-06
1292 4.87879e-06 5.47649e-06 4.51383e-06
1293 4.89334e-06 7.65664e-06 4.51383e-06
1294 4.90731e-06 5.37026e-06 4.51383e-06
1295 4.92723e-06 5.03129e-06 4.51383e-06
1296 4.86492e-06 4.7136e-06 4.51383e-06
1297 4.87554e-06 5.09423e-06 4.51383e-06
1298 4.90097e-06 4.97632e-06 4.51383e-06
1299 4.87495e-06 4.75203e-06 4.51383e-06
1300 4.86266e-06 5.5965e-06 4.51383e-06
1301 4.87405e-06 9.3602e-06 4.51383e-06
1302 4.88601e-06 4.93295e-06 4.51383e-06
1303 4.88067e-06 4.98111e-06 4.51383e-06
1304 4.85195e-06 5.30519e-06 4.51383e-06
1305 4.88618e-06 7.08125e-06 4.51383e-06
1306 4.86662e-06 5.18653e-06 4.51383e-06
1307 4.86445e-06 5.97061e-06 4.51383e-06
1308 4.88168e-06 6.96032e-06 4.51383e-06
1309 4.88638e-06 4.79292e-06 4.51383e-06
1310 4.87925e-06 1.01077e-05 4.51383e-06
1311 4.86667e-06 5.96789e-06 4.51383e-06
1312 4.87215e-06 4.74791e-06 4.51383e-06
1313 4.83356e-06 5.02301e-06 4.51383e-06
1314 4.85207e-06 4.62587e-06 4.51383e-06
1315 4.88685e-06 5.75071e-06 4.51383e-06
1316 4.86282e-06 1.0947e-05 4.51383e-06
1317 4.97365e-06 4.49731e-06 4.51383e-06
1318 4.88543e-06 5.34884e-06 4.49731e-06
1319 4.84163e-06 4.71247e-06 4.49731e-06
1320 4.83668e-06 4.78347e-06 4.49731e-06
1321 4.86917e-06 4.80678e-06 4.49731e-06
1322 4.87024e-06 5.78858e-06 4.49731e-06
1323 4.86137e-06 4.74839e-06 4.49731e-06
1324 4.85721e-06 4.8083e-06 4.49731e-06
1325 4.86068e-06 4.72117e-06 4.49731e-06
1326 4.93237e-06 4.99254e-06 4.49731e-06
1327 4.88485e-06 8.64392e-06 4.49731e-06
1328 4.85135e-06 5.82751e-06 4.49731e-06
1329 4.86334e-06 4.61834e-06 4.49731e-06
1330 4.89076e-06 4.80074e-06 4.49731e-06
1331 4.83107e-06 6.14313e-06 4.49731e-06
1332 4.86936e-06 6.00028e-06 4.49731e-06
1333 4.8722e-06 4.75659e-06 4.49731e-06
1334 4.85917e-06 5.85546e-06 4.49731e-06
1335 4.87299e-06 4.74671e-06 4.49731e-06
1336 4.84837e-06 5.50902e-06 4.49731e-06
1337 4.8875e-06 4.81302e-06 4.49731e-06
1338 4.85642e-06 5.46485e-06 4.49731e-06
1339 4.87732e-06 5.18922e-06 4.49731e-06
1340 4.82222e-06 4.94142e-06 4.49731e-06
1341 4.86037e-06 4.76078e-06 4.49731e-06
1342 4.84743e-06 5.10215e-06 4.49731e-06
1343 4.85615e-06 5.02213e-06 4.49731e-06
1344 4.8138e-06 4.91014e-06 4.49731e-06
1345 4.8732e-06 7.24086e-06 4.49731e-06
1346 4.83607e-06 5.38706e-06 4.49731e-06
1347 4.8465e-06 4.97172e-06 4.49731e-06
1348 4.82701e-06 5.46048e-06 4.49731e-06
1349 4.87403e-06 6.65817e-06 4.49731e-06
1350 4.84646e-06 6.89246e-06 4.49731e-06
1351 4.86315e-06 5.23498e-06 4.49731e-06
1352 4.84337e-06 6.70047e-06 4.49731e-06
1353 4.84947e-06 4.73298e-06 4.49731e-06
1354 4.8557e-06 7.73757e-06 4.49731e-06
1355 4.87008e-06 5.89169e-06 4.49731e-06
1356 4.85056e-06 5.06034e-06 4.49731e-06
1357 4.85984e-06 8.67568e-06 4.49731e-06
1358 4.83843e-06 4.90056e-06 4.49731e-06
1359 4.83433e-06 4.87336e-06 4.49731e-06
1360 4.82672e-06 8.58856e-06 4.49731e-06
1361 4.84095e-06 4.733e-06 4.49731e-06
1362 4.82866e-06 4.68875e-06 4.49731e-06
1363 4.82356e-06 4.98391e-06 4.49731e-06
1364 4.8565e-06 4.67602e-06 4.49731e-06
1365 4.84194e-06 5.12801e-06 4.49731e-06
1366 4.82107e-06 4.63458e-06 4.49731e-06
1367 4.85328e-06 1.07026e-05 4.49731e-06
1368 4.81958e-06 9.8018e-06 4.49731e-06
1369 4.84264e-06 4.83385e-06 4.49731e-06
1370 4.85562e-06 4.59474e-06 4.49731e-06
1371 4.82637e-06 5.97187e-06 4.49731e-06
1372 4.85324e-06 4.74958e-06 4.49731e-06
1373 4.86838e-06 7.4685e-06 4.49731e-06
1374 4.82761e-06 5.15102e-06 4.49731e-06
1375 4.82791e-06 4.98248e-06 4.49731e-06
1376 4.80963e-06 4.94085e-06 4.49731e-06
1377 4.84569e-06 4.71195e-06 4.49731e-06
1378 4.7947e-06 4.92284e-06 4.49731e-06
1379 4.83005e-06 4.83255e-06 4.49731e-06
1380 4.78765e-06 7.39393e-06 4.49731e-06
1381 4.87523e-06 4.45554e-06 4.49731e-06
1382 4.836e-06 4.69773e-06 4.45554e-06
1383 4.85291e-06 4.83642e-06 4.45554e-06
1384 4.80358e-06 4.70856e-06 4.45554e-06
1385 4.82392e-06 6.68035e-06 4.45554e-06
1386 4.81671e-06 5.03942e-06 4.45554e-06
1387 4.82967e-06 4.69398e-06 4.45554e-06
1388 4.82349e-06 5.17372e-06 4.45554e-06
1389 4.79504e-06 4.842e-06 4.45554e-06
1390 4.79842e-06 5.49302e-06 4.45554e-06
1391 5.19238e-06 4.70045e-06 4.45554e-06
1392 4.82591e-06 5.69922e-06 4.45554e-06
1393 4.82517e-06 4.64072e-06 4.45554e-06
1394 4.80503e-06 9.28757e-06 4.45554e-06
1395 4.80471e-06 1.08701e-05 4.45554e-06
1396 4.79873e-06 5.01032e-06 4.45554e-06
1397 4.80543e-06 6.02929e-06 4.45554e-06
1398 4.79155e-06 6.98043e-06 4.45554e-06
1399 4.77557e-06 5.19848e-06 4.45554e-06
1400 4.81378e-06 4.43774e-06 4.45554e-06
1401 4.81663e-06 5.08419e-06 4.43774e-06
1402 4.81798e-06 6.52762e-06 4.43774e-06
1403 4.77219e-06 5.41459e-06 4.43774e-06
1404 4.81695e-06 4.70703e-06 4.43774e-06
1405 4.82057e-06 1.193e-05 4.43774e-06
1406 4.8342e-06 7.07713e-06 4.43774e-06
1407 4.81455e-06 5.32701e-06 4.43774e-06
1408 4.77855e-06 4.94496e-06 4.43774e-06
1409 4.80468e-06 8.0245e-06 4.43774e-06
1410 4.79515e-06 5.84841e-06 4.43774e-06
1411 4.79895e-06 4.73113e-06 4.43774e-06
1412 4.81531e-06 5.55492e-06 4.43774e-06
1413 4.79228e-06 4.49322e-06 4.43774e-06
1414 5.33161e-06 5.90615e-06 4.43774e-06
1415 4.82317e-06 4.61597e-06 4.43774e-06
1416 4.78964e-06 8.47688e-06 4.43774e-06
1417 4.81188e-06 5.00838e-06 4.43774e-06
1418 4.78836e-06 4.55209e-06 4.43774e-06
1419 4.79258e-06 6.80799e-06 4.43774e-06
1420 4.79093e-06 4.60763e-06 4.43774e-06
1421 4.7946e-06 4.45278e-06 4.43774e-06
1422 4.81815e-06 4.66712e-06 4.43774e-06
1423 4.80099e-06 4.6106e-06 4.43774e-06
1424 4.82634e-06 4.77956e-06 4.43774e-06
1425 4.80326e-06 4.79093e-06 4.43774e-06
1426 4.78501e-06 4.96593e-06 4.43774e-06
1427 4.80459e-06 4.64282e-06 4.43774e-06
1428 4.80775e-06 5.64195e-06 4.43774e-06
1429 4.81404e-06 4.6582e-06 4.43774e-06
1430 4.80692e-06 4.71162e-06 4.43774e-06
1431 4.78151e-06 5.8897e-06 4.43774e-06
1432 4.79876e-06 4.49619e-06 4.43774e-06
1433 4.78774e-06 5.95673e-06 4.43774e-06
1434 4.81243e-06 1.15535e-05 4.43774e-06
1435 4.81696e-06 5.40784e-06 4.43774e-06
1436 4.79195e-06 4.42538e-06 4.43774e-06
1437 4.78895e-06 4.81631e-06 4.42538e-06
1438 4.773e-06 5.54265e-06 4.42538e-06
1439 4.79054e-06 4.50605e-06 4.42538e-06
1440 4.7711e-06 5.98418e-06 4.42538e-06
1441 4.76757e-06 9.21611e-06 4.42538e-06
1442 4.77394e-06 4.90222e-06 4.42538e-06
1443 4.80386e-06 6.11658e-06 4.42538e-06
1444 4.80844e-06 6.05355e-06 4.42538e-06
1445 4.77472e-06 1.14609e-05 4.42538e-06
1446 4.75281e-06 4.90677e-06 4.42538e-06
1447 4.80985e-06 4.86039e-06 4.42538e-06
1448 4.75775e-06 4.6066e-06 4.42538e-06
1449 4.79668e-06 9.83174e-06 4.42538e-06
1450 4.79166e-06 5.6376e-06 4.42538e-06
1451 4.77218e-06 5.10625e-06 4.42538e-06
1452 4.78159e-06 5.72167e-06 4.42538e-06
1453 4.76642e-06 5.02876e-06 4.42538e-06
1454 4.7866e-06 5.10645e-06 4.42538e-06
1455 4.77301e-06 5.67609e-06 4.42538e-06
1456 4.74991e-06 4.82823e-06 4.42538e-06
1457 4.77105e-06 4.65017e-06 4.42538e-06
1458 4.79049e-06 6.35445e-06 4.42538e-06
1459 4.7803e-06 4.65342e-06 4.42538e-06
1460 4.79916e-06 5.48328e-06 4.42538e-06
1461 4.77719e-06 5.0994e-06 4.42538e-06
1462 4.76515e-06 4.5065e-06 4.42538e-06
1463 4.76452e-06 8.35776e-06 4.42538e-06
1464 4.77614e-06 5.78043e-06 4.42538e-06
1465 4.7663e-06 4.55194e-06 4.42538e-06
1466 4.78218e-06 5.30064e-06 4.42538e-06
1467 4.80542e-06 6.18638e-06 4.42538e-06
1468 4.76838e-06 5.07915e-06 4.42538e-06
1469 4.77003e-06 5.74014e-06 4.42538e-06
1470 4.7751e-06 6.90382e-06 4.42538e-06
1471 4.76711e-06 4.87772e-06 4.42538e-06
1472 4.77209e-06 5.21838e-06 4.42538e-06
1473 4.81618e-06 4.55311e-06 4.42538e-06
1474 4.75784e-06 7.08723e-06 4.42538e-06
1475 4.74117e-06 4.6884e-06 4.42538e-06
1476 4.73443e-06 1.0674e-05 4.42538e-06
1477 5.51819e-06 4.98547e-06 4.42538e-06
1478 4.77754e-06 4.99765e-06 4.42538e-06
1479 4.7947e-06 4.82148e-06 4.42538e-06
1480 4.76034e-06 4.45124e-06 4.42538e-06
1481 4.7687e-06 4.57016e-06 4.42538e-06
1482 4.76062e-06 4.67025e-06 4.42538e-06
1483 4.75658e-06 6.20949e-06 4.42538e-06
1484 4.76141e-06 4.72827e-06 4.42538e-06
1485 4.74168e-06 4.48625e-06 4.42538e-06
1486 4.75464e-06 4.64139e-06 4.42538e-06
1487 4.72496e-06 5.14808e-06 4.42538e-06
1488 4.72842e-06 5.06009e-06 4.42538e-06
1489 4.72587e-06 6.10815e-06 4.42538e-06
1490 4.74694e-06 4.90668e-06 4.42538e-06
1491 4.77462e-06 5.68906e-06 4.42538e-06
1492 4.76755e-06 5.32168e-06 4.42538e-06
1493 4.76736e-06 5.67727e-06 4.42538e-06
1494 4.7437e-06 4.563e-06 4.42538e-06
1495 4.72483e-06 6.10569e-06 4.42538e-06
1496 5.00869e-06 5.84255e-06 4.42538e-06
1497 4.77841e-06 5.65827e-06 4.42538e-06
1498 4.72722e-06 4.59527e-06 4.42538e-06
1499 4.74487e-06 4.68939e-06 4.42538e-06
1500 4.71767e-06 4.60599e-06 4.42538e-06
1501 4.73668e-06 4.72959e-06 4.42538e-06
1502 4.74291e-06 5.30298e-06 4.42538e-06
1503 4.7364e-06 6.19056e-06 4.42538e-06
1504 4.73784e-06 5.28838e-06 4.42538e-06
1505 4.76127e-06 4.58289e-06 4.42538e-06
1506 4.73369e-06 1.1355e-05 4.42538e-06
1507 4.72509e-06 7.33014e-06 4.42538e-06
1508 4.77844e-06 5.10525e-06 4.42538e-06
1509 4.74775e-06 8.60683e-06 4.42538e-06
1510 4.72542e-06 4.5323e-06 4.42538e-06
1511 4.75853e-06 4.61844e-06 4.42538e-06
1512 4.72559e-06 1.29833e-05 4.42538e-06
1513 4.70965e-06 7.24593e-06 4.42538e-06
1514 4.72302e-06 1.15972e-05 4.42538e-06
1515 4.74609e-06 4.59219e-06 4.42538e-06
1516 4.72179e-06 4.78437e-06 4.42538e-06
1517 4.74616e-06 5.13482e-06 4.42538e-06
1518 4.73945e-06 5.42631e-06 4.42538e-06
1519 4.72125e-06 5.05064e-06 4.42538e-06
1520 4.73897e-06 5.5212e-06 4.42538e-06
1521 4.7172e-06 5.01173e-06 4.42538e-06
1522 4.72259e-06 4.9287e-06 4.42538e-06
1523 4.73656e-06 4.99027e-06 4.42538e-06
1524 4.6942e-06 4.69227e-06 4.42538e-06
1525 4.73964e-06 5.9268e-06 4.42538e-06
1526 4.74531e-06 5.95696e-06 4.42538e-06
1527 4.73515e-06 7.49825e-06 4.42538e-06
1528 4.7457e-06 5.91621e-06 4.42538e-06
1529 4.7366e-06 6.44163e-06 4.42538e-06
1530 4.75282e-06 4.55493e-06 4.42538e-06
1531 4.74208e-06 4.70257e-06 4.42538e-06
1532 4.80836e-06 6.09225e-06 4.42538e-06
1533 4.75546e-06 6.88133e-06 4.42538e-06
1534 4.74106e-06 6.91973e-06 4.42538e-06
1535 4.72504e-06 4.67449e-06 4.42538e-06
1536 4.74905e-06 5.53435e-06 4.42538e-06
1537 3.54281e-06 4.58788e-06 4.42538e-06
1538 3.56982e-06 4.35687e-06 4.42538e-06
1539 3.55468e-06 4.22772e-06 4.35687e-06
1540 3.55526e-06 4.28572e-06 4.22772e-06
1541 3.54211e-06 4.3253e-06 4.22772e-06
1542 3.54896e-06 4.32537e-06 4.22772e-06
1543 3.54392e-06 4.765e-06 4.22772e-06
1544 3.53865e-06 4.64715e-06 4.22772e-06
1545 3.55403e-06 4.52163e-06 4.22772e-06
1546 3.53917e-06 4.32086e-06 4.22772e-06
1547 3.53332e-06 4.40909e-06 4.22772e-06
1548 3.54896e-06 4.41211e-06 4.22772e-06
1549 3.52612e-06 4.45249e-06 4.22772e-06
1550 3.53168e-06 4.34203e-06 4.22772e-06
1551 3.53642e-06 4.40884e-06 4.22772e-06
1552 3.53512e-06 4.54773e-06 4.22772e-06
1553 3.52712e-06 4.19744e-06 4.22772e-06
1554 3.52787e-06 4.19346e-06 4.19744e-06
1555 3.52177e-06 4.23637e-06 4.19346e-06
1556 3.5309e-06 4.22886e-06 4.19346e-06
1557 3.52915e-06 4.40215e-06 4.19346e-06
1558 3.52744e-06 4.35443e-06 4.19346e-06
1559 3.51558e-06 4.34656e-06 4.19346e-06
1560 3.51356e-06 4.16596e-06 4.19346e-06
1561 3.51582e-06 5.11741e-06 4.16596e-06
1562 3.53436e-06 4.14158e-06 4.16596e-06
1563 3.50917e-06 4.46696e-06 4.14158e-06
1564 3.51048e-06 4.86511e-06 4.14158e-06
1565 3.51904e-06 4.19464e-06 4.14158e-06
1566 3.52177e-06 4.27843e-06 4.14158e-06
1567 3.51805e-06 4.50414e-06 4.14158e-06
1568 3.52489e-06 4.13638e-06 4.14158e-06
1569 3.50659e-06 4.40166e-06 4.13638e-06
1570 3.51261e-06 4.25939e-06 4.13638e-06
1571 3.51084e-06 4.55581e-06 4.13638e-06
1572 3.51416e-06 4.55097e-06 4.13638e-06
1573 3.49802e-06 4.56253e-06 4.13638e-06
1574 3.51086e-06 4.22926e-06 4.13638e-06
1575 3.50327e-06 4.33335e-06 4.13638e-06
1576 3.50557e-06 4.36967e-06 4.13638e-06
1577 3.51698e-06 4.53456e-06 4.13638e-06
1578 3.50169e-06 4.33417e-06 4.13638e-06
1579 3.51385e-06 4.11991e-06 4.13638e-06
1580 3.51677e-06 4.33188e-06 4.11991e-06
1581 3.50445e-06 4.41453e-06 4.11991e-06
1582 3.50838e-06 4.20227e-06 4.11991e-06
1583 3.50388e-06 4.5892e-06 4.11991e-06
1584 3.50795e-06 4.64862e-06 4.11991e-06
1585 3.49403e-06 4.23924e-06 4.11991e-06
1586 3.49803e-06 4.37067e-06 4.11991e-06
1587 3.50026e-06 4.51519e-06 4.11991e-06
1588 3.50314e-06 4.28119e-06 4.11991e-06
1589 3.49946e-06 4.18442e-06 4.11991e-06
1590 3.49708e-06 4.19527e-06 4.11991e-06
1591 3.49174e-06 4.32632e-06 4.11991e-06
1592 3.49492e-06 4.42872e-06 4.11991e-06
1593 3.50257e-06 4.61456e-06 4.11991e-06
1594 3.49246e-06 4.95635e-06 4.11991e-06
1595 3.49778e-06 4.29435e-06 4.11991e-06
1596 3.48788e-06 4.40719e-06 4.11991e-06
1597 3.49529e-06 4.22956e-06 4.11991e-06
1598 3.48311e-06 4.10403e-06 4.11991e-06
1599 3.49467e-06 4.38658e-06 4.10403e-06
1600 3.49456e-06 4.4674e-06 4.10403e-06
1601 3.49898e-06 4.59224e-06 4.10403e-06
1602 3.48881e-06 4.41261e-06 4.10403e-06
1603 3.49318e-06 4.33562e-06 4.10403e-06
1604 3.49037e-06 4.27446e-06 4.10403e-06
1605 3.49984e-06 4.27822e-06 4.10403e-06
1606 3.48409e-06 4.17931e-06 4.10403e-06
1607 3.48489e-06 4.3455e-06 4.10403e-06
1608 3.48925e-06 4.44641e-06 4.10403e-06
1609 3.49578e-06 4.55291e-06 4.10403e-06
1610 3.48842e-06 4.34724e-06 4.10403e-06
1611 3.48542e-06 4.30047e-06 4.10403e-06
1612 3.47294e-06 4.42602e-06 4.10403e-06
1613 3.47961e-06 4.20937e-06 4.10403e-06
1614 3.49213e-06 4.35191e-06 4.10403e-06
1615 3.4831e-06 4.33201e-06 4.10403e-06
1616 3.48447e-06 4.15987e-06 4.10403e-06
1617 3.48171e-06 4.33017e-06 4.10403e-06
1618 3.4866e-06 4.26265e-06 4.10403e-06
1619 3.47688e-06 4.37665e-06 4.10403e-06
1620 3.48246e-06 4.36828e-06 4.10403e-06
1621 3.48244e-06 4.34043e-06 4.10403e-06
1622 3.47957e-06 4.13109e-06 4.10403e-06
1623 3.48524e-06 4.08786e-06 4.10403e-06
1624 3.47469e-06 4.20271e-06 4.08786e-06
1625 3.48328e-06 4.32627e-06 4.08786e-06
1626 3.48242e-06 4.17278e-06 4.08786e-06
1627 3.47504e-06 4.14473e-06 4.08786e-06
1628 3.47255e-06 4.15628e-06 4.08786e-06
1629 3.47509e-06 4.37536e-06 4.08786e-06
1630 3.4877e-06 4.34736e-06 4.08786e-06
1631 3.47412e-06 4.11616e-06 4.08786e-06
1632 3.46654e-06 4.40752e-06 4.08786e-06
1633 3.48354e-06 4.34616e-06 4.08786e-06
1634 3.46283e-06 4.45641e-06 4.08786e-06
1635 3.47371e-06 4.19981e-06 4.08786e-06
1636 3.47919e-06 4.29661e-06 4.08786e-06
1637 3.4637e-06 4.39838e-06 4.08786e-06
1638 3.47444e-06 4.1472e-06 4.08786e-06
1639 3.46582e-06 4.29059e-06 4.08786e-06
1640 3.47996e-06 4.30187e-06 4.08786e-06
1641 3.47733e-06 4.58888e-06 4.08786e-06
1642 3.47389e-06 4.24104e-06 4.08786e-06
1643 3.46439e-06 4.20485e-06 4.08786e-06
1644 3.47469e-06 4.27077e-06 4.08786e-06
1645 3.46339e-06 4.23385e-06 4.08786e-06
1646 3.46561e-06 4.2262e-06 4.08786e-06
1647 3.45982e-06 4.41129e-06 4.08786e-06
1648 3.46999e-06 4.29027e-06 4.08786e-06
1649 3.46209e-06 4.68537e-06 4.08786e-06
1650 3.47173e-06 4.56442e-06 4.08786e-06
1651 3.47817e-06 4.28905e-06 4.08786e-06
1652 3.47126e-06 4.11574e-06 4.08786e-06
1653 3.46472e-06 4.39787e-06 4.08786e-06
1654 3.47248e-06 4.36365e-06 4.08786e-06
1655 3.45981e-06 4.35366e-06 4.08786e-06
1656 3.45712e-06 4.09287e-06 4.08786e-06
1657 3.47342e-06 4.28602e-06 4.08786e-06
1658 3.46295e-06 4.23121e-06 4.08786e-06
1659 3.46509e-06 4.29177e-06 4.08786e-06
1660 3.46954e-06 4.78233e-06 4.08786e-06
1661 3.4665e-06 4.43711e-06 4.08786e-06
1662 3.4607e-06 4.33051e-06 4.08786e-06
1663 3.45869e-06 4.26165e-06 4.08786e-06
1664 3.45429e-06 5.90222e-06 4.08786e-06
1665 3.4587e-06 4.41141e-06 4.08786e-06
1666 3.4622e-06 4.70263e-06 4.08786e-06
1667 3.45606e-06 4.42103e-06 4.08786e-06
1668 3.46802e-06 4.43155e-06 4.08786e-06
1669 3.45668e-06 5.50201e-06 4.08786e-06
1670 3.45244e-06 4.25056e-06 4.08786e-06
1671 3.44996e-06 4.15548e-06 4.08786e-06
1672 3.45719e-06 4.26728e-06 4.08786e-06
1673 3.45625e-06 4.64992e-06 4.08786e-06
1674 3.4512e-06 4.53782e-06 4.08786e-06
1675 3.46953e-06 4.35279e-06 4.08786e-06
1676 3.44776e-06 4.36052e-06 4.08786e-06
1677 3.44215e-06 4.34076e-06 4.08786e-06
1678 3.45559e-06 4.35572e-06 4.08786e-06
1679 3.45832e-06 4.32315e-06 4.08786e-06
1680 3.45523e-06 4.40829e-06 4.08786e-06
1681 3.45691e-06 4.11745e-06 4.08786e-06
1682 3.44361e-06 4.26291e-06 4.08786e-06
1683 3.45892e-06 4.34869e-06 4.08786e-06
1684 3.44583e-06 4.11337e-06 4.08786e-06
1685 3.4547e-06 4.36285e-06 4.08786e-06
1686 3.4446e-06 4.18949e-06 4.08786e-06
1687 3.45578e-06 4.24225e-06 4.08786e-06
1688 3.44495e-06 4.71188e-06 4.08786e-06
1689 3.45869e-06 4.2713e-06 4.08786e-06
1690 3.44732e-06 4.39185e-06 4.08786e-06
1691 3.44312e-06 4.63388e-06 4.08786e-06
1692 3.44554e-06 4.27916e-06 4.08786e-06
1693 3.44264e-06 4.26205e-06 4.08786e-06
1694 3.45404e-06 4.36893e-06 4.08786e-06
1695 3.44367e-06 4.33239e-06 4.08786e-06
1696 3.43923e-06 4.25071e-06 4.08786e-06
1697 3.44733e-06 4.38877e-06 4.08786e-06
1698 3.45217e-06 4.44265e-06 4.08786e-06
1699 3.44209e-06 4.32664e-06 4.08786e-06
1700 3.43767e-06 4.26786e-06 4.08786e-06
1701 3.44386e-06 4.29051e-06 4.08786e-06
1702 3.43919e-06 4.33354e-06 4.08786e-06
1703 3.44241e-06 4.21472e-06 4.08786e-06
1704 3.44462e-06 4.51678e-06 4.08786e-06
1705 3.44384e-06 4.32342e-06 4.08786e-06
1706 3.43667e-06 4.08695e-06 4.08786e-06
1707 3.44207e-06 4.31778e-06 4.08695e-06
1708 3.44512e-06 4.30897e-06 4.08695e-06
1709 3.43346e-06 4.55327e-06 4.08695e-06
1710 3.45239e-06 4.3978e-06 4.08695e-06
1711 3.44345e-06 4.09028e-06 4.08695e-06
1712 3.44315e-06 4.31926e-06 4.08695e-06
1713 3.43521e-06 4.57588e-06 4.08695e-06
1714 3.43918e-06 4.13392e-06 4.08695e-06
1715 3.44246e-06 4.22737e-06 4.08695e-06
1716 3.43618e-06 4.44106e-06 4.08695e-06
1717 3.44208e-06 4.30191e-06 4.08695e-06
1718 3.44364e-06 4.49903e-06 4.08695e-06
1719 3.42603e-06 4.28547e-06 4.08695e-06
1720 3.44161e-06 4.46517e-06 4.08695e-06
1721 3.43585e-06 4.50055e-06 4.08695e-06
1722 3.43742e-06 4.70617e-06 4.08695e-06
1723 3.43469e-06 4.3488e-06 4.08695e-06
1724 3.44463e-06 4.30958e-06 4.08695e-06
1725 3.43296e-06 4.1852e-06 4.08695e-06
1726 3.43168e-06 4.81526e-06 4.08695e-06
1727 3.4397e-06 4.34128e-06 4.08695e-06
1728 3.43075e-06 4.22886e-06 4.08695e-06
1729 3.4372e-06 4.62956e-06 4.08695e-06
1730 3.43126e-06 4.2259e-06 4.08695e-06
1731 3.42136e-06 4.71268e-06 4.08695e-06
1732 3.42359e-06 4.54791e-06 4.08695e-06
1733 3.43131e-06 4.47583e-06 4.08695e-06
1734 3.43682e-06 4.36454e-06 4.08695e-06
1735 3.43106e-06 4.24009e-06 4.08695e-06
1736 3.43721e-06 4.25054e-06 4.08695e-06
1737 3.44474e-06 4.39861e-06 4.08695e-06
1738 3.42349e-06 4.23605e-06 4.08695e-06
1739 3.42713e-06 4.29e-06 4.08695e-06
1740 3.42613e-06 4.61449e-06 4.08695e-06
1741 3.43377e-06 4.16895e-06 4.08695e-06
1742 3.42274e-06 4.39498e-06 4.08695e-06
1743 3.43153e-06 4.3028e-06 4.08695e-06
1744 3.43501e-06 4.39728e-06 4.08695e-06
1745 3.42385e-06 4.36509e-06 4.08695e-06
1746 3.41732e-06 4.32138e-06 4.08695e-06
1747 3.42656e-06 4.21955e-06 4.08695e-06
1748 3.43472e-06 4.2558e-06 4.08695e-06
1749 3.43348e-06 4.31344e-06 4.08695e-06
1750 3.43776e-06 4.51207e-06 4.08695e-06
1751 3.41989e-06 4.27229e-06 4.08695e-06
1752 3.42669e-06 4.04865e-06 4.08695e-06
1753 3.42002e-06 4.41903e-06 4.04865e-06
1754 3.43202e-06 4.54382e-06 4.04865e-06
1755 3.42834e-06 4.31534e-06 4.04865e-06
1756 3.4268e-06 4.17901e-06 4.04865e-06
1757 3.42108e-06 4.20052e-06 4.04865e-06
1758 3.43017e-06 4.32712e-06 4.04865e-06
1759 3.41603e-06 4.07595e-06 4.04865e-06
1760 3.43282e-06 4.24681e-06 4.04865e-06
1761 3.4244e-06 4.28083e-06 4.04865e-06
1762 3.42206e-06 4.2717e-06 4.04865e-06
1763 3.42295e-06 4.35345e-06 4.04865e-06
1764 3.42389e-06 4.2191e-06 4.04865e-06
1765 3.41894e-06 4.60391e-06 4.04865e-06
1766 3.42036e-06 4.32056e-06 4.04865e-06
1767 3.41717e-06 4.26686e-06 4.04865e-06
1768 3.42342e-06 4.25157e-06 4.04865e-06
1769 3.41981e-06 4.1893e-06 4.04865e-06
1770 3.42556e-06 4.54912e-06 4.04865e-06
1771 3.42255e-06 4.44678e-06 4.04865e-06
1772 3.41978e-06 5.15637e-06 4.04865e-06
1773 3.42568e-06 4.2734e-06 4.04865e-06
1774 3.42453e-06 4.46534e-06 4.04865e-06
1775 3.41519e-06 4.51393e-06 4.04865e-06
1776 3.41344e-06 4.71551e-06 4.04865e-06
1777 3.4139e-06 4.26149e-06 4.04865e-06
1778 3.41998e-06 4.33858e-06 4.04865e-06
1779 3.41673e-06 4.35904e-06 4.04865e-06
1780 3.42366e-06 4.90762e-06 4.04865e-06
1781 3.4197e-06 4.19819e-06 4.04865e-06
1782 3.41048e-06 4.19699e-06 4.04865e-06
1783 3.41244e-06 4.2997e-06 4.04865e-06
1784 3.41411e-06 4.17197e-06 4.04865e-06
1785 3.42015e-06 4.3075e-06 4.04865e-06
1786 3.41891e-06 4.14554e-06 4.04865e-06
1787 3.42121e-06 4.35557e-06 4.04865e-06
1788 3.41398e-06 4.3903e-06 4.04865e-06
1789 3.41612e-06 4.29747e-06 4.04865e-06
1790 3.42142e-06 4.2249e-06 4.04865e-06
1791 3.41185e-06 4.44736e-06 4.04865e-06
1792 3.41665e-06 4.73101e-06 4.04865e-06
1793 3.41681e-06 4.21519e-06 4.04865e-06
1794 3.4101e-06 4.66776e-06 4.04865e-06
1795 3.41313e-06 5.03649e-06 4.04865e-06
1796 3.40821e-06 4.18553e-06 4.04865e-06
1797 3.4051e-06 4.31528e-06 4.04865e-06
1798 3.41453e-06 4.40476e-06 4.04865e-06
1799 3.4184e-06 4.39917e-06 4.04865e-06
1800 3.41607e-06 4.31528e-06 4.04865e-06
1801 3.41402e-06 4.38907e-06 4.04865e-06
1802 3.41761e-06 4.07709e-06 4.04865e-06
1803 3.40618e-06 4.27482e-06 4.04865e-06
1804 3.40423e-06 4.53641e-06 4.04865e-06
1805 3.40122e-06 4.07534e-06 4.04865e-06
1806 3.40973e-06 4.31705e-06 4.04865e-06
1807 3.41169e-06 4.12933e-06 4.04865e-06
1808 3.41078e-06 4.31791e-06 4.04865e-06
1809 3.41083e-06 4.43891e-06 4.04865e-06
1810 3.41219e-06 4.60076e-06 4.04865e-06
1811 3.41143e-06 4.0994e-06 4.04865e-06
1812 3.4109e-06 4.26664e-06 4.04865e-06
1813 3.41604e-06 4.20398e-06 4.04865e-06
1814 3.41966e-06 4.07245e-06 4.04865e-06
1815 3.40006e-06 4.43789e-06 4.04865e-06
1816 3.40475e-06 4.41779e-06 4.04865e-06
1817 3.40276e-06 4.53316e-06 4.04865e-06
1818 3.40309e-06 5.14623e-06 4.04865e-06
1819 3.40606e-06 4.2757e-06 4.04865e-06
1820 3.40719e-06 4.29195e-06 4.04865e-06
1821 3.40294e-06 4.18627e-06 4.04865e-06
1822 3.39715e-06 4.1769e-06 4.04865e-06
1823 3.41139e-06 4.48054e-06 4.04865e-06
1824 3.40191e-06 4.3906e-06 4.04865e-06
1825 3.40765e-06 4.1848e-06 4.04865e-06
1826 3.40011e-06 5.32764e-06 4.04865e-06
1827 3.40043e-06 4.23108e-06 4.04865e-06
1828 3.40141e-06 4.41342e-06 4.04865e-06
1829 3.39317e-06 4.33011e-06 4.04865e-06
1830 3.39868e-06 4.44571e-06 4.04865e-06
1831 3.41402e-06 4.72835e-06 4.04865e-06
1832 3.39314e-06 4.77394e-06 4.04865e-06
1833 3.40343e-06 4.73997e-06 4.04865e-06
1834 3.40179e-06 4.18475e-06 4.04865e-06
1835 3.39114e-06 4.13085e-06 4.04865e-06
1836 3.39706e-06 4.08803e-06 4.04865e-06
1837 3.39743e-06 4.08489e-06 4.04865e-06
1838 3.39734e-06 4.088e-06 4.04865e-06
1839 3.40166e-06 4.44329e-06 4.04865e-06
1840 3.39597e-06 4.44588e-06 4.04865e-06
1841 3.3998e-06 4.24383e-06 4.04865e-06
1842 3.39715e-06 4.13823e-06 4.04865e-06
1843 3.40445e-06 4.12471e-06 4.04865e-06
1844 3.40361e-06 4.2113e-06 4.04865e-06
1845 3.39221e-06 4.23186e-06 4.04865e-06
1846 3.39367e-06 4.37722e-06 4.04865e-06
1847 3.39584e-06 4.25535e-06 4.04865e-06
1848 3.40346e-06 4.2917e-06 4.04865e-06
1849 3.39229e-06 4.32587e-06 4.04865e-06
1850 3.38863e-06 4.05047e-06 4.04865e-06
1851 3.39848e-06 4.0413e-06 4.04865e-06
1852 3.39671e-06 4.2373e-06 4.0413e-06
1853 3.39032e-06 4.32441e-06 4.0413e-06
1854 3.39258e-06 4.74283e-06 4.0413e-06
1855 3.40305e-06 4.20753e-06 4.0413e-06
1856 3.39712e-06 4.29322e-06 4.0413e-06
1857 3.39527e-06 4.35251e-06 4.0413e-06
1858 3.39247e-06 4.26877e-06 4.0413e-06
1859 3.38997e-06 4.05716e-06 4.0413e-06
1860 3.38907e-06 4.26381e-06 4.0413e-06
1861 3.38926e-06 4.10673e-06 4.0413e-06
1862 3.38436e-06 4.20493e-06 4.0413e-06
1863 3.3998e-06 4.2318e-06 4.0413e-06
1864 3.38606e-06 4.25259e-06 4.0413e-06
1865 3.38612e-06 4.17697e-06 4.0413e-06
1866 3.39469e-06 4.32029e-06 4.0413e-06
1867 3.38946e-06 4.41348e-06 4.0413e-06
1868 3.38393e-06 4.24187e-06 4.0413e-06
1869 3.38036e-06 4.41884e-06 4.0413e-06
1870 3.38796e-06 4.21139e-06 4.0413e-06
1871 3.39267e-06 4.32659e-06 4.0413e-06
1872 3.38837e-06 4.82008e-06 4.0413e-06
1873 3.39053e-06 4.58101e-06 4.0413e-06
1874 3.38007e-06 4.7985e-06 4.0413e-06
1875 3.38185e-06 4.18237e-06 4.0413e-06
1876 3.38108e-06 4.12517e-06 4.0413e-06
1877 3.39396e-06 4.23461e-06 4.0413e-06
1878 3.3911e-06 4.28529e-06 4.0413e-06
1879 3.38916e-06 4.27127e-06 4.0413e-06
1880 3.39082e-06 5.40409e-06 4.0413e-06
1881 3.39367e-06 4.15675e-06 4.0413e-06
1882 3.38376e-06 4.22406e-06 4.0413e-06
1883 3.3921e-06 4.2383e-06 4.0413e-06
1884 3.3838e-06 4.11732e-06 4.0413e-06
1885 3.3776e-06 4.41268e-06 4.0413e-06
1886 3.37959e-06 4.3329e-06 4.0413e-06
1887 3.38574e-06 4.56314e-06 4.0413e-06
1888 3.37863e-06 4.27195e-06 4.0413e-06
1889 3.38603e-06 4.51052e-06 4.0413e-06
1890 3.38406e-06 4.02388e-06 4.0413e-06
1891 3.38313e-06 4.32209e-06 4.02388e-06
1892 3.37602e-06 4.34431e-06 4.02388e-06
1893 3.37535e-06 4.26269e-06 4.02388e-06
1894 3.37897e-06 4.02911e-06 4.02388e-06
1895 3.38136e-06 4.58269e-06 4.02388e-06
1896 3.38342e-06 4.02448e-06 4.02388e-06
1897 3.37766e-06 4.38202e-06 4.02388e-06
1898 3.37524e-06 4.41404e-06 4.02388e-06
1899 3.37981e-06 4.31398e-06 4.02388e-06
1900 3.37786e-06 4.05222e-06 4.02388e-06
1901 3.37817e-06 4.33618e-06 4.02388e-06
1902 3.37626e-06 4.43907e-06 4.02388e-06
1903 3.38364e-06 4.18314e-06 4.02388e-06
1904 3.37579e-06 4.18912e-06 4.02388e-06
1905 3.37609e-06 5.25664e-06 4.02388e-06
1906 3.38281e-06 4.26722e-06 4.02388e-06
1907 3.37782e-06 4.34014e-06 4.02388e-06
1908 3.37985e-06 4.13084e-06 4.02388e-06
1909 3.38019e-06 4.12302e-06 4.02388e-06
1910 3.37683e-06 4.7251e-06 4.02388e-06
1911 3.37882e-06 4.35252e-06 4.02388e-06
1912 3.37528e-06 4.536e-06 4.02388e-06
1913 3.37973e-06 4.21896e-06 4.02388e-06
1914 3.37307e-06 4.21129e-06 4.02388e-06
1915 3.36737e-06 4.17233e-06 4.02388e-06
1916 3.37452e-06 4.16087e-06 4.02388e-06
1917 3.37764e-06 4.13258e-06 4.02388e-06
1918 3.3683e-06 4.29339e-06 4.02388e-06
1919 3.37612e-06 4.2861e-06 4.02388e-06
1920 3.37685e-06 4.55969e-06 4.02388e-06
1921 3.38005e-06 4.09388e-06 4.02388e-06
1922 3.3744e-06 4.28972e-06 4.02388e-06
1923 3.37321e-06 4.65103e-06 4.02388e-06
1924 3.3737e-06 4.59886e-06 4.02388e-06
1925 3.37507e-06 4.17032e-06 4.02388e-06
1926 3.37584e-06 4.16102e-06 4.02388e-06
1927 3.37286e-06 4.15874e-06 4.02388e-06
1928 3.37356e-06 4.29506e-06 4.02388e-06
1929 3.38601e-06 4.45951e-06 4.02388e-06
1930 3.37486e-06 4.19595e-06 4.02388e-06
1931 3.36958e-06 4.10555e-06 4.02388e-06
1932 3.37529e-06 4.90811e-06 4.02388e-06
1933 3.36742e-06 4.56996e-06 4.02388e-06
1934 3.36895e-06 4.3023e-06 4.02388e-06
1935 3.37092e-06 4.13217e-06 4.02388e-06
1936 3.36375e-06 4.30538e-06 4.02388e-06
1937 3.36648e-06 4.21699e-06 4.02388e-06
1938 3.37738e-06 4.25013e-06 4.02388e-06
1939 3.37884e-06 4.57762e-06 4.02388e-06
1940 3.3693e-06 4.30989e-06 4.02388e-06
1941 3.36169e-06 4.16633e-06 4.02388e-06
1942 3.37066e-06 4.36508e-06 4.02388e-06
1943 3.37127e-06 4.22538e-06 4.02388e-06
1944 3.37137e-06 4.18243e-06 4.02388e-06
1945 3.36429e-06 4.20404e-06 4.02388e-06
1946 3.3711e-06 4.25349e-06 4.02388e-06
1947 3.36399e-06 4.56137e-06 4.02388e-06
1948 3.37599e-06 4.29422e-06 4.02388e-06
1949 3.36621e-06 4.19842e-06 4.02388e-06
1950 3.36194e-06 4.06146e-06 4.02388e-06
1951 3.37554e-06 4.63409e-06 4.02388e-06
1952 3.36541e-06 4.04461e-06 4.02388e-06
1953 3.36262e-06 4.22943e-06 4.02388e-06
1954 3.36353e-06 4.09261e-06 4.02388e-06
1955 3.3662e-06 4.11163e-06 4.02388e-06
1956 3.36899e-06 4.15055e-06 4.02388e-06
1957 3.36677e-06 4.31234e-06 4.02388e-06
1958 3.36248e-06 4.07519e-06 4.02388e-06
1959 3.36609e-06 4.54414e-06 4.02388e-06
1960 3.34842e-06 4.12887e-06 4.02388e-06
1961 3.3638e-06 4.06131e-06 4.02388e-06
1962 3.36825e-06 4.27299e-06 4.02388e-06
1963 3.36688e-06 4.17579e-06 4.02388e-06
1964 3.3517e-06 4.61187e-06 4.02388e-06
1965 3.35766e-06 4.16244e-06 4.02388e-06
1966 3.3645e-06 4.114e-06 4.02388e-06
1967 3.36062e-06 4.01279e-06 4.02388e-06
1968 3.35707e-06 4.21273e-06 4.01279e-06
1969 3.37023e-06 4.10206e-06 4.01279e-06
1970 3.36834e-06 4.51999e-06 4.01279e-06
1971 3.36072e-06 4.49413e-06 4.01279e-06
1972 3.35187e-06 4.20551e-06 4.01279e-06
1973 3.36638e-06 4.03081e-06 4.01279e-06
1974 3.35749e-06 4.18564e-06 4.01279e-06
1975 3.35611e-06 4.15662e-06 4.01279e-06
1976 3.36432e-06 4.1115e-06 4.01279e-06
1977 3.36024e-06 4.09733e-06 4.01279e-06
1978 3.36408e-06 4.1429e-06 4.01279e-06
1979 3.35149e-06 4.34455e-06 4.01279e-06
1980 3.36191e-06 4.70317e-06 4.01279e-06
1981 3.35243e-06 4.19265e-06 4.01279e-06
1982 3.35811e-06 4.3534e-06 4.01279e-06
1983 3.36522e-06 4.01798e-06 4.01279e-06
1984 3.35454e-06 4.29084e-06 4.01279e-06
1985 3.36446e-06 4.17385e-06 4.01279e-06
1986 3.35924e-06 4.19222e-06 4.01279e-06
1987 3.35886e-06 4.41798e-06 4.01279e-06
1988 3.35594e-06 4.20543e-06 4.01279e-06
1989 3.3538e-06 4.44642e-06 4.01279e-06
1990 3.36122e-06 4.27434e-06 4.01279e-06
1991 3.35839e-06 4.30736e-06 4.01279e-06
1992 3.35516e-06 4.08135e-06 4.01279e-06
1993 3.34785e-06 4.20859e-06 4.01279e-06
1994 3.3522e-06 4.36011e-06 4.01279e-06
1995 3.34835e-06 4.18433e-06 4.01279e-06
1996 3.35501e-06 4.61351e-06 4.01279e-06
1997 3.35259e-06 4.15089e-06 4.01279e-06
1998 3.34814e-06 3.99014e-06 4.01279e-06
1999 3.35177e-06 4.56867e-06 3.99014e-06
2000 3.35316e-06 4.21258e-06 3.99014e-06
2001 3.35607e-06 4.23994e-06 3.99014e-06
2002 3.34974e-06 4.33775e-06 3.99014e-06
2003 3.36357e-06 4.48729e-06 3.99014e-06
2004 3.35119e-06 4.03506e-06 3.99014e-06
2005 3.3552e-06 4.35183e-06 3.99014e-06
2006 3.35289e-06 4.47362e-06 3.99014e-06
2007 3.34853e-06 4.36365e-06 3.99014e-06
2008 3.35325e-06 4.19759e-06 3.99014e-06
2009 3.35298e-06 4.25901e-06 3.99014e-06
2010 3.34824e-06 4.06256e-06 3.99014e-06
2011 3.34551e-06 4.35618e-06 3.99014e-06
2012 3.34929e-06 4.16462e-06 3.99014e-06
2013 3.35184e-06 4.04938e-06 3.99014e-06
2014 3.3503e-06 4.13608e-06 3.99014e-06
2015 3.34886e-06 4.09299e-06 3.99014e-06
2016 3.35359e-06 4.23679e-06 3.99014e-06
2017 3.35245e-06 4.23169e-06 3.99014e-06
2018 3.34319e-06 4.25722e-06 3.99014e-06
2019 3.34795e-06 4.14673e-06 3.99014e-06
2020 3.35626e-06 4.28192e-06 3.99014e-06
2021 3.34555e-06 4.10311e-06 3.99014e-06
2022 3.3509e-06 4.00823e-06 3.99014e-06
2023 3.34275e-06 4.08846e-06 3.99014e-06
2024 3.35007e-06 4.41713e-06 3.99014e-06
2025 3.34943e-06 4.53725e-06 3.99014e-06
2026 3.35097e-06 4.01941e-06 3.99014e-06
2027 3.34308e-06 4.32711e-06 3.99014e-06
2028 3.35883e-06 4.13442e-06 3.99014e-06
2029 3.34364e-06 4.17155e-06 3.99014e-06
2030 3.34057e-06 4.34182e-06 3.99014e-06
2031 3.34355e-06 4.74041e-06 3.99014e-06
2032 3.34139e-06 5.56068e-06 3.99014e-06
2033 3.34545e-06 4.2668e-06 3.99014e-06
2034 3.35249e-06 4.32537e-06 3.99014e-06
2035 3.3428e-06 5.00061e-06 3.99014e-06
2036 3.35041e-06 4.18745e-06 3.99014e-06
2037 3.33871e-06 4.35094e-06 3.99014e-06
2038 3.34912e-06 4.20104e-06 3.99014e-06
2039 3.34426e-06 4.1283e-06 3.99014e-06
2040 3.34074e-06 4.4266e-06 3.99014e-06
2041 3.34527e-06 4.31315e-06 3.99014e-06
2042 3.34199e-06 4.13995e-06 3.99014e-06
2043 3.3526e-06 4.228e-06 3.99014e-06
2044 3.33882e-06 4.5196e-06 3.99014e-06
2045 3.34149e-06 4.29392e-06 3.99014e-06
2046 3.33536e-06 4.16742e-06 3.99014e-06
2047 3.35088e-06 4.16788e-06 3.99014e-06
2048 3.34093e-06 4.23969e-06 3.99014e-06
2049 3.34123e-06 4.3568e-06 3.99014e-06
2050 3.34688e-06 4.02241e-06 3.99014e-06
2051 3.35068e-06 4.30817e-06 3.99014e-06
2052 3.3446e-06 4.32564e-06 3.99014e-06
2053 3.33674e-06 4.24165e-06 3.99014e-06
2054 3.35105e-06 4.06922e-06 3.99014e-06
2055 3.34332e-06 4.1184e-06 3.99014e-06
2056 3.34251e-06 4.13627e-06 3.99014e-06
2057 3.34368e-06 4.46925e-06 3.99014e-06
2058 3.34441e-06 4.07066e-06 3.99014e-06
2059 3.33899e-06 4.18729e-06 3.99014e-06
2060 3.33202e-06 4.04801e-06 3.99014e-06
2061 3.34271e-06 4.27093e-06 3.99014e-06
2062 3.34027e-06 4.57513e-06 3.99014e-06
2063 3.3385e-06 4.26874e-06 3.99014e-06
2064 3.33794e-06 4.19528e-06 3.99014e-06
2065 3.34509e-06 4.03453e-06 3.99014e-06
2066 3.33321e-06 4.33167e-06 3.99014e-06
2067 3.343e-06 4.13796e-06 3.99014e-06
2068 3.33373e-06 4.13728e-06 3.99014e-06
2069 3.33843e-06 4.04168e-06 3.99014e-06
2070 3.33706e-06 4.10367e-06 3.99014e-06
2071 3.33698e-06 4.02484e-06 3.99014e-06
2072 3.34304e-06 4.19416e-06 3.99014e-06
2073 3.33327e-06 4.31157e-06 3.99014e-06
2074 3.33282e-06 4.29605e-06 3.99014e-06
2075 3.33575e-06 4.21269e-06 3.99014e-06
2076 3.33274e-06 4.23279e-06 3.99014e-06
2077 3.32987e-06 4.09117e-06 3.99014e-06
2078 3.34016e-06 4.19422e-06 3.99014e-06
2079 3.33489e-06 4.54316e-06 3.99014e-06
2080 3.32639e-06 4.50871e-06 3.99014e-06
2081 3.33825e-06 4.05359e-06 3.99014e-06
2082 3.33306e-06 4.37801e-06 3.99014e-06
2083 3.33696e-06 4.29242e-06 3.99014e-06
2084 3.33768e-06 4.11258e-06 3.99014e-06
2085 3.32809e-06 4.31591e-06 3.99014e-06
2086 3.334e-06 5.10993e-06 3.99014e-06
2087 3.33312e-06 4.12236e-06 3.99014e-06
2088 3.34034e-06 4.13673e-06 3.99014e-06
2089 3.32716e-06 4.23789e-06 3.99014e-06
2090 3.3325e-06 4.55749e-06 3.99014e-06
2091 3.33238e-06 4.10362e-06 3.99014e-06
2092 3.32304e-06 4.32728e-06 3.99014e-06
2093 3.32694e-06 3.99232e-06 3.99014e-06
2094 3.33092e-06 4.19088e-06 3.99014e-06
2095 3.32794e-06 4.17243e-06 3.99014e-06
2096 3.33235e-06 4.30801e-06 3.99014e-06
2097 3.33203e-06 4.19016e-06 3.99014e-06
2098 3.33262e-06 4.27904e-06 3.99014e-06
2099 3.13379e-06 4.07515e-06 3.99014e-06
2100 3.13403e-06 3.90413e-06 3.99014e-06
2101 3.14023e-06 4.13964e-06 3.90413e-06
2102 3.1355e-06 4.16635e-06 3.90413e-06
2103 3.13542e-06 3.91462e-06 3.90413e-06
2104 3.13174e-06 4.31886e-06 3.90413e-06
2105 3.13476e-06 4.22443e-06 3.90413e-06
2106 3.1346e-06 4.07273e-06 3.90413e-06
2107 3.13747e-06 4.16594e-06 3.90413e-06
2108 3.13338e-06 4.13655e-06 3.90413e-06
2109 3.12932e-06 4.16336e-06 3.90413e-06
2110 3.13187e-06 4.19342e-06 3.90413e-06
2111 3.13232e-06 3.93389e-06 3.90413e-06
2112 3.13405e-06 4.16434e-06 3.90413e-06
2113 3.13248e-06 4.0945e-06 3.90413e-06
2114 3.12848e-06 4.01683e-06 3.90413e-06
2115 3.1316e-06 4.03993e-06 3.90413e-06
2116 3.13739e-06 4.04442e-06 3.90413e-06
2117 3.13215e-06 4.34323e-06 3.90413e-06
2118 3.13716e-06 3.91227e-06 3.90413e-06
2119 3.133e-06 4.08644e-06 3.90413e-06
2120 3.13308e-06 4.04969e-06 3.90413e-06
2121 3.13026e-06 3.99425e-06 3.90413e-06
2122 3.1311e-06 4.00868e-06 3.90413e-06
2123 3.1304e-06 4.22593e-06 3.90413e-06
2124 3.1313e-06 4.12098e-06 3.90413e-06
2125 3.1284e-06 4.0974e-06 3.90413e-06
2126 3.1328e-06 4.19173e-06 3.90413e-06
2127 3.1311e-06 4.18529e-06 3.90413e-06
2128 3.13127e-06 4.19527e-06 3.90413e-06
2129 3.13042e-06 4.01774e-06 3.90413e-06
2130 3.13643e-06 4.02734e-06 3.90413e-06
2131 3.13039e-06 3.93851e-06 3.90413e-06
2132 3.12472e-06 4.06273e-06 3.90413e-06
2133 3.1293e-06 4.21637e-06 3.90413e-06
2134 3.1313e-06 3.9498e-06 3.90413e-06
2135 3.12469e-06 4.16601e-06 3.90413e-06
2136 3.13456e-06 3.94463e-06 3.90413e-06
2137 3.12961e-06 4.16693e-06 3.90413e-06
2138 3.12911e-06 4.12664e-06 3.90413e-06
2139 3.12815e-06 4.07171e-06 3.90413e-06
2140 3.13136e-06 4.03988e-06 3.90413e-06
2141 3.1292e-06 4.10149e-06 3.90413e-06
2142 3.12743e-06 3.94043e-06 3.90413e-06
2143 3.13212e-06 4.06843e-06 3.90413e-06
2144 3.13033e-06 4.00606e-06 3.90413e-06
2145 3.12968e-06 4.06453e-06 3.90413e-06
2146 3.12805e-06 4.17458e-06 3.90413e-06
2147 3.12526e-06 4.2287e-06 3.90413e-06
2148 3.1327e-06 4.22962e-06 3.90413e-06
2149 3.12712e-06 4.06697e-06 3.90413e-06
2150 3.12761e-06 4.03398e-06 3.90413e-06
2151 3.12615e-06 4.22723e-06 3.90413e-06
2152 3.12038e-06 3.99225e-06 3.90413e-06
2153 3.12362e-06 4.2036e-06 3.90413e-06
2154 3.12745e-06 4.22999e-06 3.90413e-06
2155 3.12923e-06 4.2455e-06 3.90413e-06
2156 3.12687e-06 4.28614e-06 3.90413e-06
2157 3.12854e-06 4.00885e-06 3.90413e-06
2158 3.1287e-06 4.23644e-06 3.90413e-06
2159 3.12474e-06 4.05903e-06 3.90413e-06
2160 3.1286e-06 4.34895e-06 3.90413e-06
2161 3.12477e-06 4.05907e-06 3.90413e-06
2162 3.12128e-06 4.17701e-06 3.90413e-06
2163 3.12672e-06 4.00766e-06 3.90413e-06
2164 3.12648e-06 4.02517e-06 3.90413e-06
2165 3.13411e-06 3.88846e-06 3.90413e-06
2166 3.11908e-06 4.02315e-06 3.88846e-06
2167 3.13077e-06 4.20683e-06 3.88846e-06
2168 3.12611e-06 4.17722e-06 3.88846e-06
2169 3.12479e-06 4.16759e-06 3.88846e-06
2170 3.12142e-06 3.92868e-06 3.88846e-06
2171 3.12394e-06 4.06899e-06 3.88846e-06
2172 3.12529e-06 4.06587e-06 3.88846e-06
2173 3.12365e-06 4.0818e-06 3.88846e-06
2174 3.12482e-06 4.10186e-06 3.88846e-06
2175 3.11885e-06 4.20786e-06 3.88846e-06
2176 3.12547e-06 4.06184e-06 3.88846e-06
2177 3.13004e-06 4.18249e-06 3.88846e-06
2178 3.12077e-06 4.07911e-06 3.88846e-06
2179 3.12582e-06 4.08717e-06 3.88846e-06
2180 3.12548e-06 4.17343e-06 3.88846e-06
2181 3.12007e-06 4.06766e-06 3.88846e-06
2182 3.12663e-06 3.91382e-06 3.88846e-06
2183 3.12059e-06 3.95305e-06 3.88846e-06
2184 3.12411e-06 3.94583e-06 3.88846e-06
2185 3.12377e-06 4.20762e-06 3.88846e-06
2186 3.12707e-06 3.92984e-06 3.88846e-06
2187 3.12279e-06 4.05824e-06 3.88846e-06
2188 3.12407e-06 3.97836e-06 3.88846e-06
2189 3.12183e-06 3.9851e-06 3.88846e-06
2190 3.12582e-06 4.11368e-06 3.88846e-06
2191 3.12366e-06 4.04252e-06 3.88846e-06
2192 3.12199e-06 4.09055e-06 3.88846e-06
2193 3.12425e-06 4.21151e-06 3.88846e-06
2194 3.12478e-06 3.94091e-06 3.88846e-06
2195 3.12488e-06 3.99211e-06 3.88846e-06
2196 3.11862e-06 4.117e-06 3.88846e-06
2197 3.12102e-06 4.05176e-06 3.88846e-06
2198 3.12335e-06 4.15499e-06 3.88846e-06
2199 3.12054e-06 3.94576e-06 3.88846e-06
2200 3.12423e-06 3.92632e-06 3.88846e-06
2201 3.12221e-06 4.07806e-06 3.88846e-06
2202 3.11788e-06 3.92111e-06 3.88846e-06
2203 3.12087e-06 4.1944e-06 3.88846e-06
2204 3.12146e-06 4.07062e-06 3.88846e-06
2205 3.12705e-06 4.19949e-06 3.88846e-06
2206 3.12197e-06 4.29473e-06 3.88846e-06
2207 3.12351e-06 4.09097e-06 3.88846e-06
2208 3.12129e-06 3.92462e-06 3.88846e-06
2209 3.12474e-06 4.09965e-06 3.88846e-06
2210 3.12389e-06 4.21723e-06 3.88846e-06
2211 3.12153e-06 4.01681e-06 3.88846e-06
2212 3.12168e-06 4.26142e-06 3.88846e-06
2213 3.12056e-06 3.89408e-06 3.88846e-06
2214 3.12376e-06 4.19572e-06 3.88846e-06
2215 3.1264e-06 3.9314e-06 3.88846e-06
2216 3.12119e-06 4.05522e-06 3.88846e-06
2217 3.12401e-06 4.17076e-06 3.88846e-06
2218 3.11746e-06 4.03201e-06 3.88846e-06
2219 3.12013e-06 4.06924e-06 3.88846e-06
2220 3.11369e-06 4.16925e-06 3.88846e-06
2221 3.1227e-06 4.18351e-06 3.88846e-06
2222 3.12667e-06 4.11262e-06 3.88846e-06
2223 3.11754e-06 3.96562e-06 3.88846e-06
2224 3.11688e-06 4.19786e-06 3.88846e-06
2225 3.12459e-06 3.8909e-06 3.88846e-06
2226 3.11366e-06 4.15492e-06 3.88846e-06
2227 3.1207e-06 4.11109e-06 3.88846e-06
2228 3.12013e-06 4.03303e-06 3.88846e-06
2229 3.11969e-06 4.05255e-06 3.88846e-06
2230 3.12168e-06 4.006e-06 3.88846e-06
2231 3.11592e-06 4.06906e-06 3.88846e-06
2232 3.11914e-06 4.09995e-06 3.88846e-06
2233 3.11602e-06 4.1781e-06 3.88846e-06
2234 3.1245e-06 3.98149e-06 3.88846e-06
2235 3.11831e-06 4.16363e-06 3.88846e-06
2236 3.11965e-06 4.21378e-06 3.88846e-06
2237 3.11664e-06 4.1293e-06 3.88846e-06
2238 3.11508e-06 3.90934e-06 3.88846e-06
2239 3.11791e-06 3.88969e-06 3.88846e-06
2240 3.11246e-06 4.09043e-06 3.88846e-06
2241 3.12263e-06 4.18035e-06 3.88846e-06
2242 3.11969e-06 4.00543e-06 3.88846e-06
2243 3.11862e-06 3.94257e-06 3.88846e-06
2244 3.12072e-06 4.23319e-06 3.88846e-06
2245 3.11092e-06 4.11684e-06 3.88846e-06
2246 3.12013e-06 4.03312e-06 3.88846e-06
2247 3.12312e-06 4.19951e-06 3.88846e-06
2248 3.11734e-06 4.00305e-06 3.88846e-06
2249 3.11733e-06 3.88701e-06 3.88846e-06
2250 3.1177e-06 4.13884e-06 3.88701e-06
2251 3.11913e-06 4.07037e-06 3.88701e-06
2252 3.11375e-06 4.29646e-06 3.88701e-06
2253 3.11953e-06 4.0772e-06 3.88701e-06
2254 3.11346e-06 4.0983e-06 3.88701e-06
2255 3.11861e-06 3.88058e-06 3.88701e-06
2256 3.11877e-06 4.06453e-06 3.88058e-06
2257 3.11416e-06 4.15697e-06 3.88058e-06
2258 3.11473e-06 4.22709e-06 3.88058e-06
2259 3.11323e-06 4.08617e-06 3.88058e-06
2260 3.11674e-06 3.94908e-06 3.88058e-06
2261 3.11566e-06 4.09673e-06 3.88058e-06
2262 3.11497e-06 4.10098e-06 3.88058e-06
2263 3.11677e-06 4.05377e-06 3.88058e-06
2264 3.11429e-06 4.04407e-06 3.88058e-06
2265 3.11231e-06 4.11755e-06 3.88058e-06
2266 3.11479e-06 3.92311e-06 3.88058e-06
2267 3.11599e-06 4.0918e-06 3.88058e-06
2268 3.11466e-06 4.12085e-06 3.88058e-06
2269 3.11421e-06 3.89881e-06 3.88058e-06
2270 3.11896e-06 4.21241e-06 3.88058e-06
2271 3.1151e-06 4.16985e-06 3.88058e-06
2272 3.11778e-06 3.89198e-06 3.88058e-06
2273 3.1144e-06 4.2238e-06 3.88058e-06
2274 3.11337e-06 4.08775e-06 3.88058e-06
2275 3.11143e-06 3.95173e-06 3.88058e-06
2276 3.11667e-06 4.14821e-06 3.88058e-06
2277 3.12084e-06 4.21801e-06 3.88058e-06
2278 3.11564e-06 4.09502e-06 3.88058e-06
2279 3.11963e-06 3.92785e-06 3.88058e-06
2280 3.11315e-06 3.88976e-06 3.88058e-06
2281 3.11689e-06 4.18167e-06 3.88058e-06
2282 3.11315e-06 3.96113e-06 3.88058e-06
2283 3.11273e-06 4.2426e-06 3.88058e-06
2284 3.1136e-06 4.05855e-06 3.88058e-06
2285 3.11175e-06 4.08212e-06 3.88058e-06
2286 3.1126e-06 3.88307e-06 3.88058e-06
2287 3.11466e-06 3.99837e-06 3.88058e-06
2288 3.10859e-06 4.17026e-06 3.88058e-06
2289 3.10994e-06 3.98308e-06 3.88058e-06
2290 3.11041e-06 4.09473e-06 3.88058e-06
2291 3.11265e-06 4.05237e-06 3.88058e-06
2292 3.11561e-06 4.17576e-06 3.88058e-06
2293 3.11267e-06 4.02664e-06 3.88058e-06
2294 3.11087e-06 3.94639e-06 3.88058e-06
2295 3.11167e-06 4.26881e-06 3.88058e-06
2296 3.11212e-06 4.11507e-06 3.88058e-06
2297 3.11527e-06 4.2687e-06 3.88058e-06
2298 3.11017e-06 4.05362e-06 3.88058e-06
2299 3.11722e-06 3.99314e-06 3.88058e-06
2300 3.11008e-06 4.09832e-06 3.88058e-06
2301 3.1157e-06 4.04657e-06 3.88058e-06
2302 3.11041e-06 4.08164e-06 3.88058e-06
2303 3.11264e-06 4.06416e-06 3.88058e-06
2304 3.11155e-06 4.10678e-06 3.88058e-06
2305 3.11098e-06 4.03994e-06 3.88058e-06
2306 3.11229e-06 3.93895e-06 3.88058e-06
2307 3.11445e-06 4.01458e-06 3.88058e-06
2308 3.11857e-06 4.27338e-06 3.88058e-06
2309 3.11203e-06 4.13333e-06 3.88058e-06
2310 3.11474e-06 4.06399e-06 3.88058e-06
2311 3.10735e-06 4.13372e-06 3.88058e-06
2312 3.10746e-06 4.24818e-06 3.88058e-06
2313 3.10957e-06 4.02974e-06 3.88058e-06
2314 3.11626e-06 4.08754e-06 3.88058e-06
2315 3.10864e-06 3.89815e-06 3.88058e-06
2316 3.11099e-06 4.26392e-06 3.88058e-06
2317 3.11769e-06 4.11114e-06 3.88058e-06
2318 3.11543e-06 4.30625e-06 3.88058e-06
2319 3.10997e-06 3.92249e-06 3.88058e-06
2320 3.11283e-06 3.96995e-06 3.88058e-06
2321 3.11319e-06 3.93499e-06 3.88058e-06
2322 3.10893e-06 4.16589e-06 3.88058e-06
2323 3.1093e-06 4.0126e-06 3.88058e-06
2324 3.10621e-06 4.03699e-06 3.88058e-06
2325 3.10612e-06 4.07032e-06 3.88058e-06
2326 3.10803e-06 3.89424e-06 3.88058e-06
2327 3.10766e-06 4.04838e-06 3.88058e-06
2328 3.1085e-06 4.24104e-06 3.88058e-06
2329 3.11054e-06 4.13674e-06 3.88058e-06
2330 3.10901e-06 3.93936e-06 3.88058e-06
2331 3.10344e-06 4.04585e-06 3.88058e-06
2332 3.10855e-06 4.13518e-06 3.88058e-06
2333 3.112e-06 4.19845e-06 3.88058e-06
2334 3.1069e-06 3.9021e-06 3.88058e-06
2335 3.10827e-06 4.07351e-06 3.88058e-06
2336 3.10675e-06 4.10006e-06 3.88058e-06
2337 3.10609e-06 4.18946e-06 3.88058e-06
2338 3.10312e-06 4.01557e-06 3.88058e-06
2339 3.1121e-06 4.13579e-06 3.88058e-06
2340 3.10816e-06 4.1586e-06 3.88058e-06
2341 3.11319e-06 4.15694e-06 3.88058e-06
2342 3.11028e-06 4.08634e-06 3.88058e-06
2343 3.10863e-06 4.06721e-06 3.88058e-06
2344 3.11075e-06 4.32272e-06 3.88058e-06
2345 3.10691e-06 4.20067e-06 3.88058e-06
2346 3.10934e-06 4.0525e-06 3.88058e-06
2347 3.10459e-06 4.14484e-06 3.88058e-06
2348 3.10901e-06 4.12127e-06 3.88058e-06
2349 3.10647e-06 4.1929e-06 3.88058e-06
2350 3.10848e-06 4.03505e-06 3.88058e-06
2351 3.10889e-06 3.89573e-06 3.88058e-06
2352 3.1068e-06 4.20549e-06 3.88058e-06
2353 3.1037e-06 4.06108e-06 3.88058e-06
2354 3.11229e-06 3.99175e-06 3.88058e-06
2355 3.10704e-06 3.99836e-06 3.88058e-06
