1 1.59709 0.000714226 1.79769e+308
2 1.39553 0.00119422 0.000714226
3 0.00102299 0.000309306 0.000714226
4 0.0252106 0.000355998 0.000309306
5 0.0171114 0.000656769 0.000309306
6 0.0181033 0.000264037 0.000309306
7 0.000395922 0.000160315 0.000264037
8 0.0137774 0.000185414 0.000160315
9 0.0133686 9.97677e-05 0.000160315
10 0.0118967 0.000127798 9.97677e-05
11 0.0125308 0.000695184 9.97677e-05
12 0.000368327 0.0124861 9.97677e-05
13 0.0151336 7.89405e-05 9.97677e-05
14 0.0126839 8.76256e-05 7.89405e-05
15 0.0122384 0.000191618 7.89405e-05
16 0.000532895 0.000120363 7.89405e-05
17 0.00959047 6.08868e-05 7.89405e-05
18 0.00987537 7.12028e-05 6.08868e-05
19 0.0131495 0.000107037 6.08868e-05
20 0.0100928 8.9247e-05 6.08868e-05
21 0.0099094 0.000266668 6.08868e-05
22 0.0103929 0.000183061 6.08868e-05
23 0.000139855 7.06575e-05 6.08868e-05
24 0.00818569 5.96069e-05 6.08868e-05
25 0.0090193 8.26268e-05 5.96069e-05
26 0.00890392 0.000181227 5.96069e-05
27 0.000135666 0.00055681 5.96069e-05
28 0.00859115 6.4601e-05 5.96069e-05
29 0.00916126 4.77738e-05 5.96069e-05
30 0.00798578 4.69922e-05 4.77738e-05
31 0.00905038 5.9457e-05 4.69922e-05
32 0.00878393 7.7484e-05 4.69922e-05
33 0.00805985 0.000105315 4.69922e-05
34 0.000226824 9.64872e-05 4.69922e-05
35 0.00852696 5.04788e-05 4.69922e-05
36 0.00741839 6.20363e-05 4.69922e-05
37 0.00674318 7.4253e-05 4.69922e-05
38 0.000248462 4.37943e-05 4.69922e-05
39 0.0065809 6.65053e-05 4.37943e-05
40 0.00733647 4.21972e-05 4.37943e-05
41 0.00728685 8.90867e-05 4.21972e-05
42 0.00652897 0.000136849 4.21972e-05
43 0.000134424 0.0589263 4.21972e-05
44 0.00655367 7.52282e-05 4.21972e-05
45 0.000331938 3.40095e-05 4.21972e-05
46 0.0055889 5.27768e-05 3.40095e-05
47 0.0003011 3.94406e-05 3.40095e-05
48 0.000613477 0.000117626 3.40095e-05
49 0.00060418 0.000310727 3.40095e-05
50 0.000588035 3.65591e-05 3.40095e-05
51 0.000538136 0.000166018 3.40095e-05
52 0.000543522 3.58088e-05 3.40095e-05
53 0.00047781 0.00241282 3.40095e-05
54 0.000465958 3.44202e-05 3.40095e-05
55 0.000449273 3.71116e-05 3.40095e-05
56 0.000417095 2.61489e-05 3.40095e-05
57 0.000387621 2.90038e-05 2.61489e-05
58 0.000479455 9.43703e-05 2.61489e-05
59 0.000314482 2.95859e-05 2.61489e-05
60 0.000352527 0.0011689 2.61489e-05
61 0.000348235 0.000295328 2.61489e-05
62 0.0003352 5.41461e-05 2.61489e-05
63 0.000328822 3.97974e-05 2.61489e-05
64 0.000318852 2.76941e-05 2.61489e-05
65 0.000310663 2.41593e-05 2.61489e-05
66 0.000305799 4.35708e-05 2.41593e-05
67 0.000302689 2.66509e-05 2.41593e-05
68 0.000294182 7.80055e-05 2.41593e-05
69 0.000288483 4.66463e-05 2.41593e-05
70 0.000292408 3.61457e-05 2.41593e-05
71 0.000282814 0.00103876 2.41593e-05
72 0.000277912 0.000202214 2.41593e-05
73 0.000276032 3.34628e-05 2.41593e-05
74 0.000273348 0.00110934 2.41593e-05
75 0.000267688 7.85525e-05 2.41593e-05
76 0.000266051 0.000493283 2.41593e-05
77 0.000260868 2.02533e-05 2.41593e-05
78 0.000255498 9.17992e-05 2.02533e-05
79 0.000243997 7.07309e-05 2.02533e-05
80 0.000241812 0.000121906 2.02533e-05
81 0.000230821 0.00183632 2.02533e-05
82 0.000224301 2.8463e-05 2.02533e-05
83 0.000215156 3.74244e-05 2.02533e-05
84 0.000211212 0.000277186 2.02533e-05
85 0.00020733 0.00171184 2.02533e-05
86 0.000197333 9.95569e-05 2.02533e-05
87 0.000193661 9.19509e-05 2.02533e-05
88 0.000190015 0.000298557 2.02533e-05
89 0.000189816 5.03638e-05 2.02533e-05
90 0.000183459 4.20649e-05 2.02533e-05
91 0.000190424 3.15e-05 2.02533e-05
92 0.000177946 0.000241263 2.02533e-05
93 0.0001913 3.97059e-05 2.02533e-05
94 0.00017847 2.61963e-05 2.02533e-05
95 0.000174554 6.15245e-05 2.02533e-05
96 0.000171753 3.29893e-05 2.02533e-05
97 0.000171066 4.16274e-05 2.02533e-05
98 0.000165904 2.81828e-05 2.02533e-05
99 0.000168889 0.00448348 2.02533e-05
100 0.000162656 0.000599687 2.02533e-05
101 0.000162955 0.000304011 2.02533e-05
102 0.000158644 9.28353e-05 2.02533e-05
103 0.000157175 2.43411e-05 2.02533e-05
104 0.000153495 3.59564e-05 2.02533e-05
105 0.000150506 0.000238176 2.02533e-05
106 0.000149196 3.4131e-05 2.02533e-05
107 0.00015178 2.5967e-05 2.02533e-05
108 0.000144417 7.11506e-05 2.02533e-05
109 0.000145645 2.29829e-05 2.02533e-05
110 0.000143174 3.23889e-05 2.02533e-05
111 0.000149062 3.1688e-05 2.02533e-05
112 0.000152344 2.66267e-05 2.02533e-05
113 0.000139515 1.73706e-05 2.02533e-05
114 0.000139895 0.000115367 1.73706e-05
115 0.000138379 0.000344885 1.73706e-05
116 0.000137098 2.74419e-05 1.73706e-05
117 0.000140739 6.53992e-05 1.73706e-05
118 0.000141044 1.70361e-05 1.73706e-05
119 0.000144449 4.81789e-05 1.70361e-05
120 0.000139688 1.56636e-05 1.70361e-05
121 0.000130405 4.18183e-05 1.56636e-05
122 0.000134217 2.17293e-05 1.56636e-05
123 0.000130691 2.30503e-05 1.56636e-05
124 0.000130524 7.31271e-05 1.56636e-05
125 0.000128016 2.99031e-05 1.56636e-05
126 0.000126857 0.000430449 1.56636e-05
127 0.000124087 0.000480107 1.56636e-05
128 0.000121713 3.40384e-05 1.56636e-05
129 0.000120694 1.88549e-05 1.56636e-05
130 0.000116816 2.40683e-05 1.56636e-05
131 0.00011544 2.9932e-05 1.56636e-05
132 0.000112953 2.97531e-05 1.56636e-05
133 0.00011118 1.84568e-05 1.56636e-05
134 0.000109668 0.000200982 1.56636e-05
135 0.00010784 2.34701e-05 1.56636e-05
136 0.000101517 2.28475e-05 1.56636e-05
137 9.76711e-05 9.20521e-05 1.56636e-05
138 9.67888e-05 2.81676e-05 1.56636e-05
139 9.60264e-05 5.66761e-05 1.56636e-05
140 9.31571e-05 2.95376e-05 1.56636e-05
141 9.18138e-05 1.72598e-05 1.56636e-05
142 9.00779e-05 3.86099e-05 1.56636e-05
143 9.17035e-05 0.000103174 1.56636e-05
144 8.92032e-05 3.54411e-05 1.56636e-05
145 8.8574e-05 0.000212665 1.56636e-05
146 8.82395e-05 8.81986e-05 1.56636e-05
147 8.6996e-05 6.262e-05 1.56636e-05
148 8.67147e-05 4.35594e-05 1.56636e-05
149 8.68341e-05 1.66404e-05 1.56636e-05
150 8.83062e-05 1.97443e-05 1.56636e-05
151 8.80907e-05 1.67495e-05 1.56636e-05
152 8.71672e-05 3.42056e-05 1.56636e-05
153 8.48104e-05 0.0006475 1.56636e-05
154 8.5606e-05 0.00121274 1.56636e-05
155 8.44558e-05 0.000435393 1.56636e-05
156 8.55784e-05 1.54903e-05 1.56636e-05
157 8.33344e-05 0.000156639 1.54903e-05
158 8.40935e-05 0.000163657 1.54903e-05
159 8.32266e-05 1.62592e-05 1.54903e-05
160 8.26145e-05 0.000320754 1.54903e-05
161 8.25961e-05 7.15107e-05 1.54903e-05
162 8.31744e-05 1.79375e-05 1.54903e-05
163 8.43905e-05 1.54485e-05 1.54903e-05
164 8.16227e-05 1.37775e-05 1.54485e-05
165 8.3703e-05 1.76873e-05 1.37775e-05
166 8.18115e-05 3.02384e-05 1.37775e-05
167 8.12366e-05 5.27126e-05 1.37775e-05
168 8.08946e-05 8.43216e-05 1.37775e-05
169 8.01103e-05 3.31353e-05 1.37775e-05
170 8.00789e-05 3.85524e-05 1.37775e-05
171 8.03858e-05 3.71028e-05 1.37775e-05
172 7.87605e-05 6.98554e-05 1.37775e-05
173 7.89649e-05 2.1579e-05 1.37775e-05
174 7.79376e-05 0.000677933 1.37775e-05
175 7.83742e-05 0.000761356 1.37775e-05
176 7.73152e-05 2.06165e-05 1.37775e-05
177 7.67975e-05 0.000122122 1.37775e-05
178 7.71924e-05 1.81728e-05 1.37775e-05
179 7.53471e-05 1.2838e-05 1.37775e-05
180 7.56595e-05 1.65921e-05 1.2838e-05
181 7.61715e-05 1.77457e-05 1.2838e-05
182 7.42865e-05 1.92957e-05 1.2838e-05
183 7.42408e-05 1.46126e-05 1.2838e-05
184 7.40294e-05 3.82325e-05 1.2838e-05
185 7.39812e-05 0.000223932 1.2838e-05
186 7.31235e-05 0.0010881 1.2838e-05
187 7.29987e-05 0.000111979 1.2838e-05
188 7.40401e-05 2.40462e-05 1.2838e-05
189 7.11081e-05 1.18926e-05 1.2838e-05
190 7.16442e-05 2.84645e-05 1.18926e-05
191 7.15964e-05 3.39825e-05 1.18926e-05
192 6.98275e-05 1.39677e-05 1.18926e-05
193 6.94299e-05 2.92124e-05 1.18926e-05
194 6.82348e-05 8.57428e-05 1.18926e-05
195 6.69175e-05 6.92e-05 1.18926e-05
196 6.62752e-05 2.16649e-05 1.18926e-05
197 6.53431e-05 4.67273e-05 1.18926e-05
198 6.46203e-05 6.15806e-05 1.18926e-05
199 6.26664e-05 1.35633e-05 1.18926e-05
200 6.40033e-05 2.3229e-05 1.18926e-05
201 6.33314e-05 1.66509e-05 1.18926e-05
202 6.31306e-05 0.000123028 1.18926e-05
203 6.23004e-05 2.01525e-05 1.18926e-05
204 6.19438e-05 0.00010994 1.18926e-05
205 6.11648e-05 1.34677e-05 1.18926e-05
206 6.12006e-05 3.88112e-05 1.18926e-05
207 6.02164e-05 2.62076e-05 1.18926e-05
208 6.09741e-05 0.000145588 1.18926e-05
209 6.05713e-05 0.000301522 1.18926e-05
210 5.99387e-05 4.648e-05 1.18926e-05
211 6.07103e-05 1.23776e-05 1.18926e-05
212 5.92633e-05 4.61757e-05 1.18926e-05
213 6.04563e-05 1.46292e-05 1.18926e-05
214 5.95521e-05 1.38718e-05 1.18926e-05
215 5.93897e-05 2.75782e-05 1.18926e-05
216 5.87919e-05 1.49206e-05 1.18926e-05
217 5.90168e-05 2.45386e-05 1.18926e-05
218 5.81347e-05 5.46869e-05 1.18926e-05
219 5.83445e-05 1.21636e-05 1.18926e-05
220 5.86647e-05 2.78301e-05 1.18926e-05
221 5.88458e-05 4.28319e-05 1.18926e-05
222 5.80758e-05 2.53205e-05 1.18926e-05
223 5.71975e-05 2.01214e-05 1.18926e-05
224 5.77198e-05 5.67571e-05 1.18926e-05
225 5.63153e-05 0.000102078 1.18926e-05
226 5.57019e-05 1.31157e-05 1.18926e-05
227 5.77005e-05 1.9672e-05 1.18926e-05
228 5.67396e-05 1.5061e-05 1.18926e-05
229 5.48117e-05 1.42204e-05 1.18926e-05
230 5.5171e-05 0.000395349 1.18926e-05
231 5.35587e-05 5.70101e-05 1.18926e-05
232 5.51412e-05 4.69294e-05 1.18926e-05
233 5.52545e-05 5.29905e-05 1.18926e-05
234 5.42467e-05 2.34517e-05 1.18926e-05
235 5.42881e-05 1.30246e-05 1.18926e-05
236 5.50781e-05 2.08876e-05 1.18926e-05
237 5.38949e-05 1.5559e-05 1.18926e-05
238 5.39175e-05 6.65256e-05 1.18926e-05
239 5.32315e-05 2.18654e-05 1.18926e-05
240 5.37483e-05 1.51961e-05 1.18926e-05
241 5.41088e-05 3.13597e-05 1.18926e-05
242 5.26747e-05 1.74861e-05 1.18926e-05
243 5.24026e-05 5.16817e-05 1.18926e-05
244 5.24253e-05 3.05425e-05 1.18926e-05
245 5.19499e-05 1.07166e-05 1.18926e-05
246 5.27777e-05 2.45223e-05 1.07166e-05
247 5.25809e-05 4.91631e-05 1.07166e-05
248 5.25946e-05 6.26083e-05 1.07166e-05
249 5.18864e-05 1.12403e-05 1.07166e-05
250 5.15826e-05 5.94352e-05 1.07166e-05
251 5.19197e-05 1.60264e-05 1.07166e-05
252 5.21107e-05 4.39226e-05 1.07166e-05
253 5.19302e-05 4.315e-05 1.07166e-05
254 5.13145e-05 2.3298e-05 1.07166e-05
255 5.23292e-05 2.02875e-05 1.07166e-05
256 5.16309e-05 2.25745e-05 1.07166e-05
257 5.39979e-05 1.25661e-05 1.07166e-05
258 5.05488e-05 9.79678e-05 1.07166e-05
259 5.08191e-05 1.93349e-05 1.07166e-05
260 5.15962e-05 5.46237e-05 1.07166e-05
261 5.00165e-05 1.98027e-05 1.07166e-05
262 5.15689e-05 3.3102e-05 1.07166e-05
263 5.08414e-05 1.21998e-05 1.07166e-05
264 5.04932e-05 1.38933e-05 1.07166e-05
265 4.99723e-05 0.000158216 1.07166e-05
266 5.02053e-05 1.58532e-05 1.07166e-05
267 5.23766e-05 3.01379e-05 1.07166e-05
268 5.02997e-05 4.04714e-05 1.07166e-05
269 5.01441e-05 2.50517e-05 1.07166e-05
270 5.12871e-05 2.74412e-05 1.07166e-05
271 4.89788e-05 4.23913e-05 1.07166e-05
272 5.06358e-05 9.53785e-05 1.07166e-05
273 5.17297e-05 1.07338e-05 1.07166e-05
274 4.87881e-05 6.81508e-05 1.07166e-05
275 5.03656e-05 1.33424e-05 1.07166e-05
276 4.97952e-05 2.00233e-05 1.07166e-05
277 5.09558e-05 8.57092e-05 1.07166e-05
278 4.84954e-05 4.23798e-05 1.07166e-05
279 5.01115e-05 2.9742e-05 1.07166e-05
280 4.96765e-05 1.04615e-05 1.07166e-05
281 5.10854e-05 0.000109262 1.04615e-05
282 4.93721e-05 2.0233e-05 1.04615e-05
283 4.97187e-05 0.000169701 1.04615e-05
284 4.96766e-05 1.8382e-05 1.04615e-05
285 4.97247e-05 1.04812e-05 1.04615e-05
286 4.93255e-05 1.28474e-05 1.04615e-05
287 4.9201e-05 1.10931e-05 1.04615e-05
288 4.88814e-05 1.1167e-05 1.04615e-05
289 4.87858e-05 3.34748e-05 1.04615e-05
290 4.96917e-05 1.46368e-05 1.04615e-05
291 4.89933e-05 2.34205e-05 1.04615e-05
292 4.88366e-05 4.32225e-05 1.04615e-05
293 4.92901e-05 1.22131e-05 1.04615e-05
294 4.93087e-05 2.13265e-05 1.04615e-05
295 4.90849e-05 2.03374e-05 1.04615e-05
296 4.88723e-05 4.51267e-05 1.04615e-05
297 4.87745e-05 1.16486e-05 1.04615e-05
298 4.85996e-05 0.0002052 1.04615e-05
299 4.81338e-05 1.60317e-05 1.04615e-05
300 4.81838e-05 3.9514e-05 1.04615e-05
301 4.83577e-05 9.65827e-06 1.04615e-05
302 4.8564e-05 1.6689e-05 9.65827e-06
303 4.81804e-05 0.00021358 9.65827e-06
304 4.81128e-05 2.8113e-05 9.65827e-06
305 4.83334e-05 2.41624e-05 9.65827e-06
306 4.80162e-05 2.18266e-05 9.65827e-06
307 4.92453e-05 0.00014679 9.65827e-06
308 4.80092e-05 9.89718e-06 9.65827e-06
309 4.86434e-05 9.67985e-06 9.65827e-06
310 4.75835e-05 5.37222e-05 9.65827e-06
311 4.7871e-05 1.99114e-05 9.65827e-06
312 4.79173e-05 2.94463e-05 9.65827e-06
313 4.70793e-05 1.67418e-05 9.65827e-06
314 4.71996e-05 2.87866e-05 9.65827e-06
315 4.72329e-05 2.41507e-05 9.65827e-06
316 4.7857e-05 9.29996e-06 9.65827e-06
317 4.65402e-05 3.88867e-05 9.29996e-06
318 4.72053e-05 1.16475e-05 9.29996e-06
319 4.6307e-05 4.65469e-05 9.29996e-06
320 4.77568e-05 1.10589e-05 9.29996e-06
321 4.74998e-05 9.57064e-05 9.29996e-06
322 4.69153e-05 1.14313e-05 9.29996e-06
323 4.60153e-05 1.87664e-05 9.29996e-06
324 4.77284e-05 1.06784e-05 9.29996e-06
325 4.73354e-05 7.04859e-05 9.29996e-06
326 4.66587e-05 1.94075e-05 9.29996e-06
327 4.66923e-05 1.12211e-05 9.29996e-06
328 4.73316e-05 1.48259e-05 9.29996e-06
329 4.66817e-05 0.000322625 9.29996e-06
330 4.64128e-05 7.3007e-05 9.29996e-06
331 4.69839e-05 5.07637e-05 9.29996e-06
332 4.61716e-05 0.000109371 9.29996e-06
333 4.62341e-05 2.18172e-05 9.29996e-06
334 4.62098e-05 9.37887e-06 9.29996e-06
335 4.6528e-05 1.55343e-05 9.29996e-06
336 4.61622e-05 2.62093e-05 9.29996e-06
337 4.73278e-05 1.79352e-05 9.29996e-06
338 4.48118e-05 2.2272e-05 9.29996e-06
339 4.62134e-05 2.11707e-05 9.29996e-06
340 4.60584e-05 1.23736e-05 9.29996e-06
341 4.56652e-05 1.17209e-05 9.29996e-06
342 4.63648e-05 1.9012e-05 9.29996e-06
343 4.55583e-05 1.13276e-05 9.29996e-06
344 4.53508e-05 8.49409e-05 9.29996e-06
345 4.60092e-05 1.68258e-05 9.29996e-06
346 4.52669e-05 2.06903e-05 9.29996e-06
347 4.52858e-05 2.83977e-05 9.29996e-06
348 4.66283e-05 1.06013e-05 9.29996e-06
349 4.48957e-05 3.46616e-05 9.29996e-06
350 4.45809e-05 1.53817e-05 9.29996e-06
351 4.53719e-05 8.94929e-05 9.29996e-06
352 4.54532e-05 1.22918e-05 9.29996e-06
353 4.51727e-05 0.000317982 9.29996e-06
354 4.41403e-05 6.58338e-05 9.29996e-06
355 4.54313e-05 2.90057e-05 9.29996e-06
356 4.53893e-05 1.43245e-05 9.29996e-06
357 4.56938e-05 1.94113e-05 9.29996e-06
358 4.49012e-05 0.000173758 9.29996e-06
359 4.49323e-05 1.17756e-05 9.29996e-06
360 4.47832e-05 1.68163e-05 9.29996e-06
361 4.48924e-05 4.68695e-05 9.29996e-06
362 4.45917e-05 1.08221e-05 9.29996e-06
363 4.41209e-05 9.60122e-06 9.29996e-06
364 4.42927e-05 1.13533e-05 9.29996e-06
365 4.49802e-05 5.10943e-05 9.29996e-06
366 4.35206e-05 5.53305e-05 9.29996e-06
367 4.33754e-05 1.45649e-05 9.29996e-06
368 4.47249e-05 1.45211e-05 9.29996e-06
369 4.31302e-05 7.59765e-05 9.29996e-06
370 4.34651e-05 0.00024501 9.29996e-06
371 4.40158e-05 1.85597e-05 9.29996e-06
372 4.27235e-05 0.000102404 9.29996e-06
373 4.37923e-05 1.79697e-05 9.29996e-06
374 4.29151e-05 1.16649e-05 9.29996e-06
375 4.2815e-05 8.73611e-05 9.29996e-06
376 4.20781e-05 8.36185e-06 9.29996e-06
377 4.30052e-05 1.24438e-05 8.36185e-06
378 4.22113e-05 8.1001e-05 8.36185e-06
379 4.18583e-05 7.20519e-05 8.36185e-06
380 4.25689e-05 5.72234e-05 8.36185e-06
381 4.30187e-05 1.10809e-05 8.36185e-06
382 4.30762e-05 2.0313e-05 8.36185e-06
383 4.17676e-05 2.42425e-05 8.36185e-06
384 4.15741e-05 4.83421e-05 8.36185e-06
385 4.32512e-05 1.39928e-05 8.36185e-06
386 4.18219e-05 4.49766e-05 8.36185e-06
387 4.1517e-05 4.68112e-05 8.36185e-06
388 4.20059e-05 9.50977e-06 8.36185e-06
389 4.20364e-05 9.62291e-05 8.36185e-06
390 4.13084e-05 2.2241e-05 8.36185e-06
391 4.16221e-05 2.86331e-05 8.36185e-06
392 4.15424e-05 3.6424e-05 8.36185e-06
393 4.22608e-05 3.17511e-05 8.36185e-06
394 4.17989e-05 1.63447e-05 8.36185e-06
395 4.11865e-05 0.000102387 8.36185e-06
396 4.12679e-05 3.36233e-05 8.36185e-06
397 4.11036e-05 1.58634e-05 8.36185e-06
398 4.1817e-05 2.52986e-05 8.36185e-06
399 4.18369e-05 1.33841e-05 8.36185e-06
400 4.0552e-05 1.058e-05 8.36185e-06
401 4.13787e-05 7.96455e-05 8.36185e-06
402 4.23837e-05 4.91513e-05 8.36185e-06
403 4.05934e-05 2.60929e-05 8.36185e-06
404 4.08752e-05 1.85619e-05 8.36185e-06
405 4.11883e-05 2.76698e-05 8.36185e-06
406 4.17282e-05 0.000202057 8.36185e-06
407 4.10746e-05 9.134e-06 8.36185e-06
408 4.11727e-05 2.16503e-05 8.36185e-06
409 4.15582e-05 8.95872e-05 8.36185e-06
410 4.1168e-05 3.91092e-05 8.36185e-06
411 4.16898e-05 1.62037e-05 8.36185e-06
412 4.08365e-05 8.63798e-06 8.36185e-06
413 4.11057e-05 1.38968e-05 8.36185e-06
414 4.05076e-05 1.18518e-05 8.36185e-06
415 4.06294e-05 1.29787e-05 8.36185e-06
416 4.24318e-05 4.50162e-05 8.36185e-06
417 4.1034e-05 2.23146e-05 8.36185e-06
418 4.03863e-05 1.24908e-05 8.36185e-06
419 4.01519e-05 1.01231e-05 8.36185e-06
420 4.1024e-05 1.59939e-05 8.36185e-06
421 3.96204e-05 1.14063e-05 8.36185e-06
422 4.10994e-05 1.20218e-05 8.36185e-06
423 3.99498e-05 1.32086e-05 8.36185e-06
424 3.98711e-05 9.71804e-06 8.36185e-06
425 4.1158e-05 1.46039e-05 8.36185e-06
426 4.11776e-05 1.05546e-05 8.36185e-06
427 4.04291e-05 2.9244e-05 8.36185e-06
428 4.0029e-05 9.75525e-06 8.36185e-06
429 3.95583e-05 1.50588e-05 8.36185e-06
430 3.99561e-05 2.34883e-05 8.36185e-06
431 4.09829e-05 2.22458e-05 8.36185e-06
432 4.05149e-05 2.30033e-05 8.36185e-06
433 4.06985e-05 2.14238e-05 8.36185e-06
434 4.11923e-05 9.70856e-06 8.36185e-06
435 4.04918e-05 2.48076e-05 8.36185e-06
436 3.95624e-05 1.31887e-05 8.36185e-06
437 4.06743e-05 1.06676e-05 8.36185e-06
438 4.01199e-05 1.27766e-05 8.36185e-06
439 4.0041e-05 1.6925e-05 8.36185e-06
440 3.91447e-05 0.000109935 8.36185e-06
441 4.05885e-05 9.76966e-06 8.36185e-06
442 4.00679e-05 3.89372e-05 8.36185e-06
443 4.20052e-05 1.75865e-05 8.36185e-06
444 3.97401e-05 2.25171e-05 8.36185e-06
445 3.93088e-05 2.00273e-05 8.36185e-06
446 3.92552e-05 2.44559e-05 8.36185e-06
447 4.07708e-05 1.7742e-05 8.36185e-06
448 4.02061e-05 9.90265e-06 8.36185e-06
449 4.07681e-05 4.87173e-05 8.36185e-06
450 3.9378e-05 8.73783e-06 8.36185e-06
451 3.98793e-05 2.86783e-05 8.36185e-06
452 3.96553e-05 1.59415e-05 8.36185e-06
453 3.949e-05 3.69088e-05 8.36185e-06
454 3.98226e-05 7.96393e-05 8.36185e-06
455 3.95067e-05 1.0128e-05 8.36185e-06
456 3.97016e-05 1.00827e-05 8.36185e-06
457 3.98361e-05 1.59535e-05 8.36185e-06
458 4.05235e-05 0.000181487 8.36185e-06
459 4.01961e-05 1.01861e-05 8.36185e-06
460 3.94538e-05 1.87333e-05 8.36185e-06
461 3.97629e-05 1.73295e-05 8.36185e-06
462 3.95991e-05 1.10838e-05 8.36185e-06
463 3.94821e-05 0.000878097 8.36185e-06
464 3.88233e-05 1.4639e-05 8.36185e-06
465 3.9527e-05 3.13461e-05 8.36185e-06
466 3.98679e-05 5.39329e-05 8.36185e-06
467 3.90995e-05 3.73316e-05 8.36185e-06
468 4.04396e-05 1.02661e-05 8.36185e-06
469 3.91868e-05 2.61974e-05 8.36185e-06
470 3.90501e-05 3.84275e-05 8.36185e-06
471 4.00134e-05 9.07666e-06 8.36185e-06
472 3.92297e-05 5.04358e-05 8.36185e-06
473 3.96594e-05 1.04895e-05 8.36185e-06
474 3.96944e-05 8.9989e-06 8.36185e-06
475 3.93702e-05 4.38501e-05 8.36185e-06
476 3.88462e-05 1.68611e-05 8.36185e-06
477 8.21715e-06 9.67836e-06 8.36185e-06
478 8.32142e-06 1.18111e-05 8.36185e-06
479 8.18293e-06 1.32926e-05 8.36185e-06
480 7.91445e-06 7.37646e-06 8.36185e-06
481 7.9182e-06 6.55855e-06 7.37646e-06
482 7.74305e-06 6.94398e-06 6.55855e-06
483 7.6902e-06 1.1205e-05 6.55855e-06
484 7.71163e-06 8.87666e-06 6.55855e-06
485 7.69441e-06 7.89965e-06 6.55855e-06
486 7.6584e-06 6.6543e-06 6.55855e-06
487 7.58354e-06 7.88601e-06 6.55855e-06
488 7.55271e-06 7.1506e-06 6.55855e-06
489 7.51753e-06 6.25942e-06 6.55855e-06
490 7.5242e-06 8.18801e-06 6.25942e-06
491 7.46384e-06 6.53561e-06 6.25942e-06
492 7.55436e-06 6.10946e-06 6.25942e-06
493 7.36722e-06 7.92111e-06 6.10946e-06
494 7.52785e-06 1.08056e-05 6.10946e-06
495 7.41451e-06 6.52279e-06 6.10946e-06
496 7.44381e-06 6.71558e-06 6.10946e-06
497 7.3627e-06 7.28258e-06 6.10946e-06
498 7.2691e-06 6.10985e-06 6.10946e-06
499 7.35109e-06 7.99988e-06 6.10946e-06
500 7.30672e-06 7.20471e-06 6.10946e-06
501 7.25428e-06 6.17228e-06 6.10946e-06
502 7.315e-06 5.98289e-06 6.10946e-06
503 7.35839e-06 9.62124e-06 5.98289e-06
504 7.3113e-06 6.06651e-06 5.98289e-06
505 7.21082e-06 6.61572e-06 5.98289e-06
506 7.19789e-06 6.11013e-06 5.98289e-06
507 7.26435e-06 8.72299e-06 5.98289e-06
508 7.22907e-06 6.19514e-06 5.98289e-06
509 7.26389e-06 8.3233e-06 5.98289e-06
510 7.26744e-06 6.30499e-06 5.98289e-06
511 7.30629e-06 8.42824e-06 5.98289e-06
512 7.10418e-06 7.36797e-06 5.98289e-06
513 7.17343e-06 2.396e-05 5.98289e-06
514 7.28632e-06 1.00414e-05 5.98289e-06
515 7.23116e-06 6.57837e-06 5.98289e-06
516 7.16132e-06 6.80617e-06 5.98289e-06
517 7.22487e-06 5.78496e-06 5.98289e-06
518 7.1258e-06 1.7655e-05 5.78496e-06
519 7.26891e-06 8.06461e-06 5.78496e-06
520 7.11384e-06 6.05683e-06 5.78496e-06
521 7.31248e-06 6.39391e-06 5.78496e-06
522 7.15931e-06 6.58888e-06 5.78496e-06
523 7.15497e-06 1.07778e-05 5.78496e-06
524 7.11268e-06 5.9477e-06 5.78496e-06
525 7.09116e-06 6.98928e-06 5.78496e-06
526 7.05544e-06 7.91697e-06 5.78496e-06
527 7.05719e-06 5.80747e-06 5.78496e-06
528 7.14474e-06 6.96428e-06 5.78496e-06
529 7.11637e-06 6.25987e-06 5.78496e-06
530 6.99902e-06 6.00601e-06 5.78496e-06
531 7.01028e-06 7.43756e-06 5.78496e-06
532 7.0391e-06 7.08904e-06 5.78496e-06
533 6.98858e-06 5.63639e-06 5.78496e-06
534 7.03032e-06 6.58239e-06 5.63639e-06
535 6.98976e-06 5.70169e-06 5.63639e-06
536 6.98584e-06 1.1775e-05 5.63639e-06
537 6.99058e-06 5.67208e-06 5.63639e-06
538 7.06175e-06 7.67304e-06 5.63639e-06
539 6.99967e-06 1.02759e-05 5.63639e-06
540 6.99457e-06 6.26177e-06 5.63639e-06
541 6.93114e-06 5.86434e-06 5.63639e-06
542 6.88928e-06 7.97838e-06 5.63639e-06
543 6.96319e-06 5.88411e-06 5.63639e-06
544 6.94197e-06 5.97781e-06 5.63639e-06
545 6.93603e-06 5.82986e-06 5.63639e-06
546 6.91042e-06 6.52623e-06 5.63639e-06
547 6.89819e-06 7.90015e-06 5.63639e-06
548 6.9112e-06 8.12962e-06 5.63639e-06
549 6.84759e-06 9.3554e-06 5.63639e-06
550 6.91396e-06 8.83889e-06 5.63639e-06
551 6.94291e-06 7.05107e-06 5.63639e-06
552 6.88528e-06 5.44416e-06 5.63639e-06
553 6.95854e-06 2.11638e-05 5.44416e-06
554 6.8521e-06 8.31693e-06 5.44416e-06
555 6.86707e-06 6.04365e-06 5.44416e-06
556 6.84049e-06 5.93416e-06 5.44416e-06
557 6.80811e-06 5.71274e-06 5.44416e-06
558 6.84673e-06 7.64728e-06 5.44416e-06
559 6.87229e-06 5.55306e-06 5.44416e-06
560 6.82915e-06 6.29907e-06 5.44416e-06
561 6.82674e-06 1.23917e-05 5.44416e-06
562 6.84008e-06 5.70806e-06 5.44416e-06
563 6.8186e-06 5.93399e-06 5.44416e-06
564 6.82831e-06 6.52896e-06 5.44416e-06
565 6.81608e-06 5.62108e-06 5.44416e-06
566 6.77509e-06 5.68256e-06 5.44416e-06
567 6.77136e-06 6.74167e-06 5.44416e-06
568 6.74859e-06 7.00334e-06 5.44416e-06
569 6.81334e-06 5.59748e-06 5.44416e-06
570 6.79953e-06 5.59838e-06 5.44416e-06
571 6.801e-06 9.11951e-06 5.44416e-06
572 6.74772e-06 1.32598e-05 5.44416e-06
573 6.80174e-06 5.97487e-06 5.44416e-06
574 6.7855e-06 5.40826e-06 5.44416e-06
575 6.76118e-06 6.79664e-06 5.40826e-06
576 6.73479e-06 6.84372e-06 5.40826e-06
577 6.75578e-06 5.52329e-06 5.40826e-06
578 6.74681e-06 8.63786e-06 5.40826e-06
579 6.78973e-06 7.03048e-06 5.40826e-06
580 6.69059e-06 8.08005e-06 5.40826e-06
581 6.73104e-06 7.52744e-06 5.40826e-06
582 6.72955e-06 5.50727e-06 5.40826e-06
583 6.71073e-06 8.05982e-06 5.40826e-06
584 6.72516e-06 1.00895e-05 5.40826e-06
585 6.67851e-06 1.3388e-05 5.40826e-06
586 6.73171e-06 5.72526e-06 5.40826e-06
587 6.68114e-06 1.12799e-05 5.40826e-06
588 6.72414e-06 5.42478e-06 5.40826e-06
589 6.74468e-06 5.87188e-06 5.40826e-06
590 6.75918e-06 6.44462e-06 5.40826e-06
591 6.68481e-06 6.29452e-06 5.40826e-06
592 6.71605e-06 8.53204e-06 5.40826e-06
593 6.66802e-06 5.48697e-06 5.40826e-06
594 6.67336e-06 1.5272e-05 5.40826e-06
595 6.66387e-06 6.28574e-06 5.40826e-06
596 6.74697e-06 5.42734e-06 5.40826e-06
597 6.6907e-06 6.89016e-06 5.40826e-06
598 6.60753e-06 6.49163e-06 5.40826e-06
599 6.67044e-06 9.58096e-06 5.40826e-06
600 6.68712e-06 1.57043e-05 5.40826e-06
601 6.67539e-06 6.21067e-06 5.40826e-06
602 6.6684e-06 7.80705e-06 5.40826e-06
603 6.6771e-06 9.08067e-06 5.40826e-06
604 6.63581e-06 6.28234e-06 5.40826e-06
605 6.65029e-06 1.08345e-05 5.40826e-06
606 6.59726e-06 5.40369e-06 5.40826e-06
607 6.62537e-06 5.32137e-06 5.40369e-06
608 6.57602e-06 1.07526e-05 5.32137e-06
609 6.63634e-06 6.15114e-06 5.32137e-06
610 6.55487e-06 9.15515e-06 5.32137e-06
611 6.60524e-06 5.44965e-06 5.32137e-06
612 6.63811e-06 7.32892e-06 5.32137e-06
613 6.62804e-06 1.5153e-05 5.32137e-06
614 6.57481e-06 7.75098e-06 5.32137e-06
615 6.57804e-06 5.48833e-06 5.32137e-06
616 6.59918e-06 6.41202e-06 5.32137e-06
617 6.57085e-06 1.1039e-05 5.32137e-06
618 6.59721e-06 5.76531e-06 5.32137e-06
619 6.60283e-06 9.73257e-06 5.32137e-06
620 6.63613e-06 1.3718e-05 5.32137e-06
621 6.58817e-06 5.90585e-06 5.32137e-06
622 6.62533e-06 9.81258e-06 5.32137e-06
623 6.61005e-06 6.24742e-06 5.32137e-06
624 6.54929e-06 6.55627e-06 5.32137e-06
625 6.555e-06 8.83582e-06 5.32137e-06
626 6.53312e-06 1.00206e-05 5.32137e-06
627 6.5084e-06 5.5152e-06 5.32137e-06
628 6.60788e-06 8.94216e-06 5.32137e-06
629 6.55366e-06 8.8573e-06 5.32137e-06
630 6.58375e-06 8.40678e-06 5.32137e-06
631 6.52925e-06 8.10133e-06 5.32137e-06
632 6.51468e-06 5.44152e-06 5.32137e-06
633 6.53697e-06 7.69702e-06 5.32137e-06
634 6.53406e-06 1.09757e-05 5.32137e-06
635 6.57309e-06 5.43303e-06 5.32137e-06
636 6.50076e-06 1.18208e-05 5.32137e-06
637 6.48537e-06 5.38908e-06 5.32137e-06
638 6.51623e-06 5.21529e-06 5.32137e-06
639 6.52514e-06 5.67284e-06 5.21529e-06
640 6.48755e-06 6.04426e-06 5.21529e-06
641 6.47319e-06 5.91353e-06 5.21529e-06
642 6.53265e-06 6.2462e-06 5.21529e-06
643 6.51022e-06 5.52706e-06 5.21529e-06
644 6.49134e-06 6.23615e-06 5.21529e-06
645 6.47553e-06 6.91034e-06 5.21529e-06
646 6.51135e-06 5.68363e-06 5.21529e-06
647 6.51818e-06 5.46503e-06 5.21529e-06
648 6.52057e-06 6.19074e-06 5.21529e-06
649 6.49083e-06 7.66992e-06 5.21529e-06
650 6.47234e-06 5.89394e-06 5.21529e-06
651 6.50831e-06 7.72829e-06 5.21529e-06
652 6.46185e-06 6.40789e-06 5.21529e-06
653 6.48608e-06 6.01677e-06 5.21529e-06
654 6.4729e-06 5.78503e-06 5.21529e-06
655 6.43396e-06 5.27264e-06 5.21529e-06
656 6.4968e-06 5.65605e-06 5.21529e-06
657 6.52552e-06 6.66323e-06 5.21529e-06
658 6.46992e-06 6.79375e-06 5.21529e-06
659 6.46898e-06 5.59225e-06 5.21529e-06
660 6.44972e-06 5.33914e-06 5.21529e-06
661 6.4558e-06 5.05184e-06 5.21529e-06
662 6.46763e-06 8.73553e-06 5.05184e-06
663 6.4066e-06 5.67457e-06 5.05184e-06
664 6.44058e-06 5.81278e-06 5.05184e-06
665 6.42336e-06 8.6318e-06 5.05184e-06
666 6.45241e-06 6.05551e-06 5.05184e-06
667 6.49699e-06 5.78354e-06 5.05184e-06
668 6.40887e-06 5.20629e-06 5.05184e-06
669 6.4366e-06 5.07727e-06 5.05184e-06
670 6.40666e-06 9.14593e-06 5.05184e-06
671 6.41431e-06 5.79538e-06 5.05184e-06
672 6.44845e-06 7.81019e-06 5.05184e-06
673 6.39512e-06 5.70551e-06 5.05184e-06
674 6.37311e-06 5.55098e-06 5.05184e-06
675 6.39577e-06 7.00888e-06 5.05184e-06
676 6.40462e-06 9.82436e-06 5.05184e-06
677 6.43331e-06 6.13991e-06 5.05184e-06
678 6.36505e-06 5.67051e-06 5.05184e-06
679 6.48303e-06 6.08425e-06 5.05184e-06
680 6.37792e-06 5.20604e-06 5.05184e-06
681 6.37707e-06 5.99251e-06 5.05184e-06
682 6.33942e-06 5.77941e-06 5.05184e-06
683 6.40839e-06 7.3527e-06 5.05184e-06
684 6.35751e-06 5.9964e-06 5.05184e-06
685 6.37505e-06 7.94484e-06 5.05184e-06
686 6.39625e-06 9.58293e-06 5.05184e-06
687 6.41813e-06 6.48541e-06 5.05184e-06
688 6.36074e-06 5.27427e-06 5.05184e-06
689 6.36946e-06 9.5103e-06 5.05184e-06
690 6.36973e-06 9.30148e-06 5.05184e-06
691 6.35266e-06 1.03894e-05 5.05184e-06
692 6.40406e-06 5.63147e-06 5.05184e-06
693 6.35403e-06 1.16459e-05 5.05184e-06
694 6.34569e-06 1.00385e-05 5.05184e-06
695 6.34748e-06 5.26748e-06 5.05184e-06
696 6.33676e-06 5.15233e-06 5.05184e-06
697 6.32798e-06 7.57433e-06 5.05184e-06
698 6.342e-06 5.12139e-06 5.05184e-06
699 6.34005e-06 6.69073e-06 5.05184e-06
700 6.28797e-06 5.30299e-06 5.05184e-06
701 6.33153e-06 7.70793e-06 5.05184e-06
702 6.33619e-06 6.43002e-06 5.05184e-06
703 6.32329e-06 5.23564e-06 5.05184e-06
704 6.32397e-06 1.115e-05 5.05184e-06
705 6.39014e-06 8.90541e-06 5.05184e-06
706 6.31558e-06 5.28416e-06 5.05184e-06
707 6.35339e-06 5.77153e-06 5.05184e-06
708 6.32078e-06 5.81871e-06 5.05184e-06
709 6.31867e-06 5.77197e-06 5.05184e-06
710 6.32894e-06 5.33471e-06 5.05184e-06
711 6.26639e-06 6.70134e-06 5.05184e-06
712 6.35368e-06 5.71109e-06 5.05184e-06
713 6.32917e-06 7.03237e-06 5.05184e-06
714 6.30329e-06 5.31266e-06 5.05184e-06
715 6.33463e-06 6.20266e-06 5.05184e-06
716 6.34554e-06 5.78396e-06 5.05184e-06
717 6.27704e-06 6.99644e-06 5.05184e-06
718 6.28299e-06 5.85695e-06 5.05184e-06
719 6.34199e-06 5.17251e-06 5.05184e-06
720 6.32536e-06 5.1606e-06 5.05184e-06
721 6.32241e-06 5.10581e-06 5.05184e-06
722 6.28735e-06 5.42835e-06 5.05184e-06
723 6.28568e-06 5.1464e-06 5.05184e-06
724 6.26857e-06 4.94248e-06 5.05184e-06
725 6.29959e-06 9.41964e-06 4.94248e-06
726 6.28939e-06 8.04032e-06 4.94248e-06
727 6.23648e-06 5.07408e-06 4.94248e-06
728 6.26468e-06 4.93958e-06 4.94248e-06
729 6.34108e-06 9.44105e-06 4.93958e-06
730 6.27144e-06 7.26908e-06 4.93958e-06
731 6.26662e-06 7.71187e-06 4.93958e-06
732 6.30555e-06 5.50073e-06 4.93958e-06
733 6.29656e-06 5.16223e-06 4.93958e-06
734 6.28514e-06 5.11446e-06 4.93958e-06
735 6.25566e-06 5.36815e-06 4.93958e-06
736 6.27201e-06 9.8154e-06 4.93958e-06
737 6.26198e-06 9.56398e-06 4.93958e-06
738 6.25389e-06 6.32083e-06 4.93958e-06
739 6.32078e-06 5.79516e-06 4.93958e-06
740 6.24404e-06 5.37809e-06 4.93958e-06
741 6.20652e-06 6.69718e-06 4.93958e-06
742 6.25404e-06 1.01385e-05 4.93958e-06
743 6.27809e-06 5.1768e-06 4.93958e-06
744 6.34063e-06 5.60452e-06 4.93958e-06
745 6.23026e-06 5.84705e-06 4.93958e-06
746 6.24907e-06 5.40066e-06 4.93958e-06
747 6.2537e-06 5.07668e-06 4.93958e-06
748 6.22349e-06 6.34762e-06 4.93958e-06
749 6.2138e-06 1.05975e-05 4.93958e-06
750 6.29639e-06 6.50252e-06 4.93958e-06
751 6.22167e-06 4.91933e-06 4.93958e-06
752 6.22396e-06 4.98811e-06 4.91933e-06
753 6.20991e-06 5.3339e-06 4.91933e-06
754 6.2362e-06 6.33327e-06 4.91933e-06
755 6.25163e-06 5.21692e-06 4.91933e-06
756 6.21635e-06 8.05196e-06 4.91933e-06
757 6.2606e-06 5.73276e-06 4.91933e-06
758 6.22927e-06 7.84154e-06 4.91933e-06
759 6.21865e-06 5.04646e-06 4.91933e-06
760 6.21337e-06 2.06156e-05 4.91933e-06
761 6.21057e-06 5.96353e-06 4.91933e-06
762 6.23989e-06 6.45422e-06 4.91933e-06
763 6.17391e-06 5.64171e-06 4.91933e-06
764 6.24107e-06 7.78666e-06 4.91933e-06
765 6.18974e-06 5.09471e-06 4.91933e-06
766 6.20349e-06 5.52764e-06 4.91933e-06
767 6.21094e-06 6.51814e-06 4.91933e-06
768 6.14164e-06 5.2549e-06 4.91933e-06
769 6.22088e-06 6.43625e-06 4.91933e-06
770 6.19147e-06 5.05534e-06 4.91933e-06
771 6.19109e-06 5.2871e-06 4.91933e-06
772 6.20865e-06 4.91315e-06 4.91933e-06
773 6.18537e-06 6.95566e-06 4.91315e-06
774 6.16247e-06 5.41481e-06 4.91315e-06
775 6.16087e-06 5.30955e-06 4.91315e-06
776 6.17849e-06 6.20344e-06 4.91315e-06
777 6.18912e-06 4.93041e-06 4.91315e-06
778 6.18927e-06 8.72818e-06 4.91315e-06
779 6.1435e-06 6.04486e-06 4.91315e-06
780 6.20162e-06 5.21268e-06 4.91315e-06
781 6.18096e-06 5.46525e-06 4.91315e-06
782 6.17412e-06 7.82086e-06 4.91315e-06
783 6.12932e-06 2.54815e-05 4.91315e-06
784 6.16684e-06 8.73135e-06 4.91315e-06
785 6.15389e-06 1.40476e-05 4.91315e-06
786 6.1689e-06 5.17214e-06 4.91315e-06
787 6.15851e-06 6.52338e-06 4.91315e-06
788 6.10179e-06 8.00548e-06 4.91315e-06
789 6.17695e-06 5.83845e-06 4.91315e-06
790 6.15472e-06 4.95715e-06 4.91315e-06
791 6.15833e-06 5.42224e-06 4.91315e-06
792 6.10577e-06 1.30728e-05 4.91315e-06
793 6.16098e-06 5.62793e-06 4.91315e-06
794 6.11894e-06 5.88239e-06 4.91315e-06
795 6.1518e-06 5.76341e-06 4.91315e-06
796 6.12158e-06 5.33892e-06 4.91315e-06
797 6.14342e-06 6.18905e-06 4.91315e-06
798 6.14401e-06 5.98229e-06 4.91315e-06
799 6.10622e-06 8.76342e-06 4.91315e-06
800 6.1734e-06 4.88453e-06 4.91315e-06
801 6.11801e-06 5.17151e-06 4.88453e-06
802 6.07223e-06 5.74385e-06 4.88453e-06
803 6.1273e-06 6.59111e-06 4.88453e-06
804 6.1419e-06 4.91601e-06 4.88453e-06
805 6.17206e-06 8.96953e-06 4.88453e-06
806 6.10306e-06 5.04343e-06 4.88453e-06
807 6.12098e-06 4.81322e-06 4.88453e-06
808 6.14935e-06 5.97356e-06 4.81322e-06
809 6.1532e-06 5.94766e-06 4.81322e-06
810 6.1228e-06 5.71517e-06 4.81322e-06
811 6.13061e-06 7.0988e-06 4.81322e-06
812 6.10615e-06 5.72674e-06 4.81322e-06
813 6.08423e-06 1.70124e-05 4.81322e-06
814 6.11766e-06 4.75296e-06 4.81322e-06
815 6.13707e-06 5.02809e-06 4.75296e-06
816 6.13588e-06 8.47529e-06 4.75296e-06
817 6.09583e-06 1.0794e-05 4.75296e-06
818 6.13337e-06 8.67576e-06 4.75296e-06
819 6.10276e-06 5.5689e-06 4.75296e-06
820 6.10618e-06 5.76144e-06 4.75296e-06
821 6.1184e-06 6.31414e-06 4.75296e-06
822 6.06302e-06 5.75874e-06 4.75296e-06
823 6.09428e-06 5.2404e-06 4.75296e-06
824 6.11072e-06 4.9205e-06 4.75296e-06
825 6.08161e-06 1.25557e-05 4.75296e-06
826 6.06357e-06 6.00992e-06 4.75296e-06
827 6.11603e-06 5.3406e-06 4.75296e-06
828 6.09958e-06 6.7794e-06 4.75296e-06
829 6.11192e-06 7.42263e-06 4.75296e-06
830 6.09667e-06 5.0021e-06 4.75296e-06
831 6.1834e-06 5.36345e-06 4.75296e-06
832 6.07719e-06 5.01613e-06 4.75296e-06
833 6.10849e-06 5.7831e-06 4.75296e-06
834 6.07981e-06 5.46074e-06 4.75296e-06
835 6.09016e-06 1.24484e-05 4.75296e-06
836 6.03977e-06 4.91966e-06 4.75296e-06
837 6.10222e-06 6.42922e-06 4.75296e-06
838 6.01915e-06 4.95929e-06 4.75296e-06
839 6.07313e-06 5.07249e-06 4.75296e-06
840 6.09606e-06 4.97573e-06 4.75296e-06
841 6.01157e-06 4.87541e-06 4.75296e-06
842 6.07814e-06 5.81156e-06 4.75296e-06
843 6.09008e-06 4.81247e-06 4.75296e-06
844 6.00698e-06 9.1288e-06 4.75296e-06
845 6.08909e-06 5.15667e-06 4.75296e-06
846 6.04596e-06 9.08419e-06 4.75296e-06
847 6.04446e-06 5.49816e-06 4.75296e-06
848 6.06632e-06 5.00323e-06 4.75296e-06
849 5.99649e-06 6.84618e-06 4.75296e-06
850 6.04287e-06 4.92356e-06 4.75296e-06
851 6.10131e-06 6.40484e-06 4.75296e-06
852 6.05015e-06 7.13159e-06 4.75296e-06
853 6.03308e-06 4.93824e-06 4.75296e-06
854 6.0211e-06 5.79096e-06 4.75296e-06
855 6.02776e-06 9.7578e-06 4.75296e-06
856 6.04326e-06 5.13759e-06 4.75296e-06
857 6.08035e-06 5.35521e-06 4.75296e-06
858 6.00264e-06 1.02028e-05 4.75296e-06
859 6.00739e-06 4.84805e-06 4.75296e-06
860 6.04611e-06 8.12075e-06 4.75296e-06
861 5.99096e-06 5.30186e-06 4.75296e-06
862 6.01659e-06 5.36808e-06 4.75296e-06
863 6.05698e-06 7.68947e-06 4.75296e-06
864 6.05898e-06 4.77905e-06 4.75296e-06
865 6.01678e-06 1.1195e-05 4.75296e-06
866 6.03589e-06 5.16616e-06 4.75296e-06
867 5.99021e-06 5.09439e-06 4.75296e-06
868 6.03417e-06 7.85488e-06 4.75296e-06
869 6.01633e-06 7.32315e-06 4.75296e-06
870 6.00834e-06 5.11538e-06 4.75296e-06
871 6.01451e-06 5.35981e-06 4.75296e-06
872 5.98581e-06 5.64995e-06 4.75296e-06
873 6.0164e-06 6.53426e-06 4.75296e-06
874 6.02135e-06 1.25148e-05 4.75296e-06
875 6.03811e-06 5.09566e-06 4.75296e-06
876 5.96532e-06 7.73023e-06 4.75296e-06
877 6.00544e-06 4.8127e-06 4.75296e-06
878 6.0244e-06 7.12304e-06 4.75296e-06
879 5.99792e-06 4.82602e-06 4.75296e-06
880 5.98955e-06 4.82079e-06 4.75296e-06
881 6.00023e-06 6.83597e-06 4.75296e-06
882 5.99543e-06 6.17499e-06 4.75296e-06
883 6.00547e-06 1.22571e-05 4.75296e-06
884 6.0068e-06 4.80757e-06 4.75296e-06
885 5.99655e-06 4.81812e-06 4.75296e-06
886 6.00116e-06 5.58915e-06 4.75296e-06
887 5.97167e-06 4.69266e-06 4.75296e-06
888 5.98367e-06 4.60516e-06 4.69266e-06
889 5.96826e-06 5.60434e-06 4.60516e-06
890 5.97745e-06 6.67239e-06 4.60516e-06
891 5.98361e-06 7.53985e-06 4.60516e-06
892 5.9646e-06 4.85025e-06 4.60516e-06
893 5.96121e-06 9.63007e-06 4.60516e-06
894 5.96102e-06 4.84076e-06 4.60516e-06
895 6.02603e-06 6.34008e-06 4.60516e-06
896 5.94136e-06 8.09881e-06 4.60516e-06
897 5.99787e-06 5.40123e-06 4.60516e-06
898 5.95064e-06 5.76516e-06 4.60516e-06
899 5.94434e-06 4.81621e-06 4.60516e-06
900 5.95091e-06 5.6834e-06 4.60516e-06
901 5.97226e-06 8.6978e-06 4.60516e-06
902 5.93866e-06 7.52576e-06 4.60516e-06
903 5.97841e-06 4.98e-06 4.60516e-06
904 5.97255e-06 5.06378e-06 4.60516e-06
905 5.94779e-06 4.85936e-06 4.60516e-06
906 5.91162e-06 4.60255e-06 4.60516e-06
907 5.97648e-06 8.60442e-06 4.60255e-06
908 6.01542e-06 4.8761e-06 4.60255e-06
909 5.96159e-06 1.03906e-05 4.60255e-06
910 5.98108e-06 7.64508e-06 4.60255e-06
911 5.95618e-06 5.14952e-06 4.60255e-06
912 5.93984e-06 4.86459e-06 4.60255e-06
913 5.95712e-06 6.86423e-06 4.60255e-06
914 5.95046e-06 7.50239e-06 4.60255e-06
915 5.95571e-06 4.96041e-06 4.60255e-06
916 5.9387e-06 4.92451e-06 4.60255e-06
917 5.94648e-06 4.87169e-06 4.60255e-06
918 6.00931e-06 5.84991e-06 4.60255e-06
919 5.90945e-06 4.82154e-06 4.60255e-06
920 5.93993e-06 1.69161e-05 4.60255e-06
921 5.96661e-06 5.18478e-06 4.60255e-06
922 5.93142e-06 4.60115e-06 4.60255e-06
923 5.92465e-06 5.53375e-06 4.60115e-06
924 5.93366e-06 5.87892e-06 4.60115e-06
925 5.93624e-06 8.07319e-06 4.60115e-06
926 5.91679e-06 7.57895e-06 4.60115e-06
927 6.01473e-06 9.38996e-06 4.60115e-06
928 5.94727e-06 4.90946e-06 4.60115e-06
929 5.92349e-06 4.8499e-06 4.60115e-06
930 5.94439e-06 4.9601e-06 4.60115e-06
931 5.94267e-06 9.39665e-06 4.60115e-06
932 5.93627e-06 4.82304e-06 4.60115e-06
933 5.95061e-06 6.21365e-06 4.60115e-06
934 5.90113e-06 1.12718e-05 4.60115e-06
935 6.03134e-06 5.26158e-06 4.60115e-06
936 5.89144e-06 7.07076e-06 4.60115e-06
937 5.94408e-06 5.61758e-06 4.60115e-06
938 5.93504e-06 4.62884e-06 4.60115e-06
939 5.897e-06 5.54435e-06 4.60115e-06
940 5.88713e-06 5.4238e-06 4.60115e-06
941 5.9187e-06 5.03667e-06 4.60115e-06
942 5.90062e-06 5.49444e-06 4.60115e-06
943 5.97045e-06 8.68603e-06 4.60115e-06
944 5.90432e-06 5.0386e-06 4.60115e-06
945 5.94061e-06 4.75605e-06 4.60115e-06
946 5.89437e-06 5.91379e-06 4.60115e-06
947 5.88555e-06 5.18074e-06 4.60115e-06
948 6.04454e-06 5.10476e-06 4.60115e-06
949 5.91023e-06 6.58791e-06 4.60115e-06
950 5.93586e-06 6.10525e-06 4.60115e-06
951 5.93162e-06 1.64705e-05 4.60115e-06
952 5.88859e-06 6.16404e-06 4.60115e-06
953 5.92583e-06 5.16157e-06 4.60115e-06
954 5.91252e-06 7.15824e-06 4.60115e-06
955 5.88159e-06 5.05615e-06 4.60115e-06
956 5.9516e-06 5.76202e-06 4.60115e-06
957 5.90304e-06 5.20172e-06 4.60115e-06
958 5.90519e-06 4.99995e-06 4.60115e-06
959 5.91101e-06 7.13388e-06 4.60115e-06
960 5.94039e-06 8.70774e-06 4.60115e-06
961 5.85623e-06 8.56435e-06 4.60115e-06
962 5.89534e-06 5.54043e-06 4.60115e-06
963 5.88612e-06 4.99978e-06 4.60115e-06
964 5.87809e-06 4.78587e-06 4.60115e-06
965 5.8928e-06 1.33554e-05 4.60115e-06
966 5.91872e-06 7.97336e-06 4.60115e-06
967 5.85444e-06 5.00564e-06 4.60115e-06
968 5.85193e-06 5.15183e-06 4.60115e-06
969 5.89022e-06 5.89065e-06 4.60115e-06
970 5.90768e-06 8.30407e-06 4.60115e-06
971 5.89085e-06 5.53485e-06 4.60115e-06
972 5.86422e-06 5.03494e-06 4.60115e-06
973 5.8949e-06 6.25556e-06 4.60115e-06
974 5.88693e-06 5.452e-06 4.60115e-06
975 5.88762e-06 7.30478e-06 4.60115e-06
976 5.9172e-06 6.3521e-06 4.60115e-06
977 5.89518e-06 6.21152e-06 4.60115e-06
978 5.87455e-06 4.5916e-06 4.60115e-06
979 5.89105e-06 4.57365e-06 4.5916e-06
980 5.87644e-06 7.15721e-06 4.57365e-06
981 6.00847e-06 1.11326e-05 4.57365e-06
982 5.85057e-06 4.75861e-06 4.57365e-06
983 5.86761e-06 5.95531e-06 4.57365e-06
984 5.85516e-06 5.34347e-06 4.57365e-06
985 5.84867e-06 4.96744e-06 4.57365e-06
986 5.83719e-06 1.22463e-05 4.57365e-06
987 5.86984e-06 4.8354e-06 4.57365e-06
988 5.9204e-06 4.66498e-06 4.57365e-06
989 5.86105e-06 5.0746e-06 4.57365e-06
990 5.88954e-06 1.02124e-05 4.57365e-06
991 5.83064e-06 1.07373e-05 4.57365e-06
992 5.86484e-06 7.80373e-06 4.57365e-06
993 5.94067e-06 4.97348e-06 4.57365e-06
994 5.87333e-06 7.10759e-06 4.57365e-06
995 5.84893e-06 5.19958e-06 4.57365e-06
996 5.83052e-06 7.9941e-06 4.57365e-06
997 5.84407e-06 6.37918e-06 4.57365e-06
998 5.85554e-06 4.58972e-06 4.57365e-06
999 5.84388e-06 8.26594e-06 4.57365e-06
1000 5.877e-06 5.06678e-06 4.57365e-06
1001 5.85306e-06 7.33939e-06 4.57365e-06
1002 5.85017e-06 5.49485e-06 4.57365e-06
1003 5.87139e-06 7.77e-06 4.57365e-06
1004 5.85065e-06 4.78795e-06 4.57365e-06
1005 5.85661e-06 4.78455e-06 4.57365e-06
1006 6.01105e-06 8.57993e-06 4.57365e-06
1007 5.87279e-06 5.03002e-06 4.57365e-06
1008 5.83091e-06 4.85688e-06 4.57365e-06
1009 5.86147e-06 8.43939e-06 4.57365e-06
1010 5.84236e-06 4.77245e-06 4.57365e-06
1011 5.86042e-06 4.7532e-06 4.57365e-06
1012 5.8478e-06 7.73261e-06 4.57365e-06
1013 5.84633e-06 5.38517e-06 4.57365e-06
1014 5.82715e-06 8.71417e-06 4.57365e-06
1015 5.84603e-06 7.5611e-06 4.57365e-06
1016 5.82964e-06 7.0883e-06 4.57365e-06
1017 5.86581e-06 5.71085e-06 4.57365e-06
1018 5.83021e-06 1.34169e-05 4.57365e-06
1019 5.84713e-06 7.1076e-06 4.57365e-06
1020 5.82648e-06 6.73904e-06 4.57365e-06
1021 5.81495e-06 6.78751e-06 4.57365e-06
1022 5.80225e-06 4.79144e-06 4.57365e-06
1023 5.87289e-06 4.81955e-06 4.57365e-06
1024 5.81296e-06 5.02029e-06 4.57365e-06
1025 5.80292e-06 5.10481e-06 4.57365e-06
1026 5.85475e-06 9.54156e-06 4.57365e-06
1027 5.84266e-06 5.32885e-06 4.57365e-06
1028 5.8192e-06 4.64781e-06 4.57365e-06
1029 5.79668e-06 1.00186e-05 4.57365e-06
1030 5.79921e-06 5.09528e-06 4.57365e-06
1031 5.84073e-06 4.7435e-06 4.57365e-06
1032 5.80123e-06 4.72169e-06 4.57365e-06
1033 5.81713e-06 5.28561e-06 4.57365e-06
1034 5.8522e-06 4.91118e-06 4.57365e-06
1035 5.78543e-06 4.62517e-06 4.57365e-06
1036 5.81846e-06 4.78826e-06 4.57365e-06
1037 5.8583e-06 6.87e-06 4.57365e-06
1038 5.80019e-06 5.80825e-06 4.57365e-06
1039 5.81449e-06 6.23793e-06 4.57365e-06
1040 5.79723e-06 4.8456e-06 4.57365e-06
1041 5.81184e-06 7.50096e-06 4.57365e-06
1042 5.77178e-06 5.64222e-06 4.57365e-06
1043 5.81946e-06 5.0947e-06 4.57365e-06
1044 5.78413e-06 4.87471e-06 4.57365e-06
1045 5.82998e-06 5.56112e-06 4.57365e-06
1046 5.77543e-06 4.66777e-06 4.57365e-06
1047 5.79964e-06 9.05093e-06 4.57365e-06
1048 5.80226e-06 4.85644e-06 4.57365e-06
1049 5.78643e-06 4.67851e-06 4.57365e-06
1050 5.8133e-06 5.74158e-06 4.57365e-06
1051 5.77648e-06 1.37343e-05 4.57365e-06
1052 5.79782e-06 5.74969e-06 4.57365e-06
1053 5.78263e-06 4.95415e-06 4.57365e-06
1054 5.78529e-06 1.09816e-05 4.57365e-06
1055 5.79499e-06 5.36372e-06 4.57365e-06
1056 5.80093e-06 6.19792e-06 4.57365e-06
1057 5.80248e-06 4.58195e-06 4.57365e-06
1058 5.77263e-06 6.76872e-06 4.57365e-06
1059 5.81498e-06 1.19742e-05 4.57365e-06
1060 5.80229e-06 5.2868e-06 4.57365e-06
1061 5.79895e-06 4.6801e-06 4.57365e-06
1062 5.79616e-06 5.74469e-06 4.57365e-06
1063 5.80042e-06 4.75307e-06 4.57365e-06
1064 5.75897e-06 4.78484e-06 4.57365e-06
1065 5.78244e-06 4.81983e-06 4.57365e-06
1066 5.81444e-06 5.1503e-06 4.57365e-06
1067 5.78761e-06 4.77853e-06 4.57365e-06
1068 5.8081e-06 5.27025e-06 4.57365e-06
1069 5.88369e-06 5.23241e-06 4.57365e-06
1070 5.76107e-06 4.44993e-06 4.57365e-06
1071 5.83391e-06 4.67806e-06 4.44993e-06
1072 5.77373e-06 4.54238e-06 4.44993e-06
1073 5.77594e-06 1.03041e-05 4.44993e-06
1074 5.78669e-06 5.92732e-06 4.44993e-06
1075 5.77087e-06 7.48905e-06 4.44993e-06
1076 5.82432e-06 4.70147e-06 4.44993e-06
1077 5.75942e-06 1.39554e-05 4.44993e-06
1078 5.76766e-06 5.19816e-06 4.44993e-06
1079 5.8063e-06 6.27031e-06 4.44993e-06
1080 5.74905e-06 4.83968e-06 4.44993e-06
1081 5.77421e-06 6.82732e-06 4.44993e-06
1082 5.79702e-06 4.79165e-06 4.44993e-06
1083 5.78953e-06 8.67592e-06 4.44993e-06
1084 5.75358e-06 4.62603e-06 4.44993e-06
1085 5.78714e-06 1.37069e-05 4.44993e-06
1086 5.75839e-06 9.32296e-06 4.44993e-06
1087 5.76167e-06 4.67834e-06 4.44993e-06
1088 5.77424e-06 4.75706e-06 4.44993e-06
1089 5.77222e-06 4.86648e-06 4.44993e-06
1090 5.74766e-06 6.96408e-06 4.44993e-06
1091 5.818e-06 4.72132e-06 4.44993e-06
1092 5.80028e-06 5.05127e-06 4.44993e-06
1093 5.79091e-06 4.54663e-06 4.44993e-06
1094 5.75832e-06 6.52213e-06 4.44993e-06
1095 5.73248e-06 6.15284e-06 4.44993e-06
1096 5.77035e-06 5.4734e-06 4.44993e-06
1097 5.74735e-06 6.13365e-06 4.44993e-06
1098 5.75279e-06 6.40897e-06 4.44993e-06
1099 5.74857e-06 6.07757e-06 4.44993e-06
1100 5.75428e-06 5.29573e-06 4.44993e-06
1101 5.71916e-06 4.71189e-06 4.44993e-06
1102 5.72484e-06 4.57986e-06 4.44993e-06
1103 5.78069e-06 7.612e-06 4.44993e-06
1104 5.69257e-06 4.53656e-06 4.44993e-06
1105 5.75884e-06 6.54672e-06 4.44993e-06
1106 5.77294e-06 1.35736e-05 4.44993e-06
1107 5.7373e-06 6.95168e-06 4.44993e-06
1108 5.78307e-06 5.03044e-06 4.44993e-06
1109 5.77044e-06 6.5773e-06 4.44993e-06
1110 5.74458e-06 5.63518e-06 4.44993e-06
1111 5.75454e-06 7.76205e-06 4.44993e-06
1112 5.70832e-06 5.67245e-06 4.44993e-06
1113 5.74096e-06 4.68965e-06 4.44993e-06
1114 5.73407e-06 8.83805e-06 4.44993e-06
1115 5.75291e-06 4.57682e-06 4.44993e-06
1116 5.74466e-06 5.03102e-06 4.44993e-06
1117 5.72014e-06 8.84903e-06 4.44993e-06
1118 5.70437e-06 8.7163e-06 4.44993e-06
1119 5.75111e-06 4.62392e-06 4.44993e-06
1120 5.72873e-06 5.46511e-06 4.44993e-06
1121 5.72785e-06 6.80119e-06 4.44993e-06
1122 5.72443e-06 9.67057e-06 4.44993e-06
1123 5.73487e-06 5.93456e-06 4.44993e-06
1124 5.71085e-06 5.19889e-06 4.44993e-06
1125 5.7298e-06 9.14323e-06 4.44993e-06
1126 5.70567e-06 4.8365e-06 4.44993e-06
1127 5.70305e-06 5.42794e-06 4.44993e-06
1128 5.73496e-06 5.08238e-06 4.44993e-06
1129 5.70833e-06 9.98802e-06 4.44993e-06
1130 5.7282e-06 7.4482e-06 4.44993e-06
1131 5.69327e-06 4.723e-06 4.44993e-06
1132 5.6996e-06 4.61915e-06 4.44993e-06
1133 5.7464e-06 8.78567e-06 4.44993e-06
1134 5.71188e-06 1.43857e-05 4.44993e-06
1135 5.71639e-06 1.24335e-05 4.44993e-06
1136 5.69157e-06 6.67476e-06 4.44993e-06
1137 5.66079e-06 4.75404e-06 4.44993e-06
1138 5.83306e-06 4.91688e-06 4.44993e-06
1139 5.719e-06 4.49589e-06 4.44993e-06
1140 5.71796e-06 6.63651e-06 4.44993e-06
1141 5.68629e-06 4.62289e-06 4.44993e-06
1142 5.72222e-06 5.63734e-06 4.44993e-06
1143 5.72901e-06 6.66871e-06 4.44993e-06
1144 5.7265e-06 5.97044e-06 4.44993e-06
1145 5.8285e-06 6.24581e-06 4.44993e-06
1146 5.70027e-06 5.80219e-06 4.44993e-06
1147 5.6809e-06 5.25345e-06 4.44993e-06
1148 5.68949e-06 7.59227e-06 4.44993e-06
1149 5.69762e-06 4.62645e-06 4.44993e-06
1150 5.69696e-06 4.57399e-06 4.44993e-06
1151 5.73567e-06 5.46759e-06 4.44993e-06
1152 5.68135e-06 5.00103e-06 4.44993e-06
1153 5.71475e-06 5.04148e-06 4.44993e-06
1154 5.68815e-06 4.85503e-06 4.44993e-06
1155 5.75298e-06 4.48283e-06 4.44993e-06
1156 5.69533e-06 7.67481e-06 4.44993e-06
1157 5.69712e-06 4.95069e-06 4.44993e-06
1158 5.6797e-06 4.70947e-06 4.44993e-06
1159 5.71004e-06 4.58337e-06 4.44993e-06
1160 5.70682e-06 4.622e-06 4.44993e-06
1161 5.68579e-06 6.13725e-06 4.44993e-06
1162 5.69073e-06 6.35328e-06 4.44993e-06
1163 6.28926e-06 6.8597e-06 4.44993e-06
1164 5.7274e-06 6.58452e-06 4.44993e-06
1165 5.70736e-06 4.89655e-06 4.44993e-06
1166 5.70295e-06 4.75594e-06 4.44993e-06
1167 5.70511e-06 5.23692e-06 4.44993e-06
1168 5.68488e-06 1.08979e-05 4.44993e-06
1169 5.6713e-06 4.66845e-06 4.44993e-06
1170 5.65868e-06 5.00095e-06 4.44993e-06
1171 3.79331e-06 4.25309e-06 4.44993e-06
1172 3.84103e-06 4.612e-06 4.25309e-06
1173 3.82959e-06 4.44779e-06 4.25309e-06
1174 3.82078e-06 4.41899e-06 4.25309e-06
1175 3.81136e-06 4.2316e-06 4.25309e-06
1176 3.79122e-06 4.20279e-06 4.2316e-06
1177 3.81877e-06 4.41601e-06 4.20279e-06
1178 3.80055e-06 4.34686e-06 4.20279e-06
1179 3.8102e-06 4.11646e-06 4.20279e-06
1180 3.79904e-06 4.68592e-06 4.11646e-06
1181 3.80025e-06 4.20959e-06 4.11646e-06
1182 3.8048e-06 4.64355e-06 4.11646e-06
1183 3.78031e-06 4.44631e-06 4.11646e-06
1184 3.80059e-06 4.51373e-06 4.11646e-06
1185 3.78906e-06 4.23537e-06 4.11646e-06
1186 3.79311e-06 4.57142e-06 4.11646e-06
1187 3.78414e-06 4.68264e-06 4.11646e-06
1188 3.784e-06 4.83085e-06 4.11646e-06
1189 3.79149e-06 4.38343e-06 4.11646e-06
1190 3.80796e-06 4.21745e-06 4.11646e-06
1191 3.7946e-06 4.26811e-06 4.11646e-06
1192 3.79861e-06 5.47236e-06 4.11646e-06
1193 3.78871e-06 4.41635e-06 4.11646e-06
1194 3.77472e-06 4.7316e-06 4.11646e-06
1195 3.79243e-06 4.33136e-06 4.11646e-06
1196 3.77715e-06 5.39417e-06 4.11646e-06
1197 3.77345e-06 4.44495e-06 4.11646e-06
1198 3.76636e-06 4.20955e-06 4.11646e-06
1199 3.76876e-06 4.23933e-06 4.11646e-06
1200 3.79136e-06 4.41567e-06 4.11646e-06
1201 3.7753e-06 4.38421e-06 4.11646e-06
1202 3.7772e-06 4.43352e-06 4.11646e-06
1203 3.78258e-06 4.51333e-06 4.11646e-06
1204 3.77204e-06 4.29255e-06 4.11646e-06
1205 3.7706e-06 4.34881e-06 4.11646e-06
1206 3.76894e-06 4.31975e-06 4.11646e-06
1207 3.76775e-06 4.47091e-06 4.11646e-06
1208 3.77633e-06 4.25567e-06 4.11646e-06
1209 3.76867e-06 4.66864e-06 4.11646e-06
1210 3.77167e-06 4.44362e-06 4.11646e-06
1211 3.76241e-06 4.49374e-06 4.11646e-06
1212 3.75071e-06 4.36312e-06 4.11646e-06
1213 3.77383e-06 4.19519e-06 4.11646e-06
1214 3.76965e-06 4.3451e-06 4.11646e-06
1215 3.76745e-06 4.68435e-06 4.11646e-06
1216 3.75577e-06 4.31272e-06 4.11646e-06
1217 3.77033e-06 4.46489e-06 4.11646e-06
1218 3.75939e-06 4.17881e-06 4.11646e-06
1219 3.76261e-06 4.33943e-06 4.11646e-06
1220 3.77153e-06 4.31527e-06 4.11646e-06
1221 3.74927e-06 5.51332e-06 4.11646e-06
1222 3.75011e-06 4.18116e-06 4.11646e-06
1223 3.76279e-06 4.60921e-06 4.11646e-06
1224 3.74373e-06 4.67012e-06 4.11646e-06
1225 3.74862e-06 4.44057e-06 4.11646e-06
1226 3.75728e-06 4.67641e-06 4.11646e-06
1227 3.75102e-06 4.63257e-06 4.11646e-06
1228 3.75088e-06 4.46112e-06 4.11646e-06
1229 3.74503e-06 4.55201e-06 4.11646e-06
1230 3.75049e-06 4.45838e-06 4.11646e-06
1231 3.7547e-06 4.30456e-06 4.11646e-06
1232 3.76622e-06 4.1175e-06 4.11646e-06
1233 3.76231e-06 4.15295e-06 4.11646e-06
1234 3.74917e-06 4.17228e-06 4.11646e-06
1235 3.74889e-06 4.30381e-06 4.11646e-06
1236 3.75071e-06 4.42158e-06 4.11646e-06
1237 3.74656e-06 4.54394e-06 4.11646e-06
1238 3.73897e-06 4.4299e-06 4.11646e-06
1239 3.74613e-06 4.29171e-06 4.11646e-06
1240 3.73914e-06 4.33435e-06 4.11646e-06
1241 3.74406e-06 4.38371e-06 4.11646e-06
1242 3.75226e-06 4.26811e-06 4.11646e-06
1243 3.75889e-06 4.44473e-06 4.11646e-06
1244 3.7378e-06 5.45688e-06 4.11646e-06
1245 3.7499e-06 4.14601e-06 4.11646e-06
1246 3.73392e-06 4.17257e-06 4.11646e-06
1247 3.74432e-06 4.18152e-06 4.11646e-06
1248 3.73884e-06 5.2715e-06 4.11646e-06
1249 3.7332e-06 4.22334e-06 4.11646e-06
1250 3.74557e-06 4.39079e-06 4.11646e-06
1251 3.74153e-06 4.29697e-06 4.11646e-06
1252 3.72986e-06 4.67153e-06 4.11646e-06
1253 3.74558e-06 4.56126e-06 4.11646e-06
1254 3.72321e-06 4.57877e-06 4.11646e-06
1255 3.7379e-06 4.42942e-06 4.11646e-06
1256 3.72483e-06 4.27459e-06 4.11646e-06
1257 3.72982e-06 4.33323e-06 4.11646e-06
1258 3.74107e-06 4.30419e-06 4.11646e-06
1259 3.72879e-06 4.22262e-06 4.11646e-06
1260 3.73326e-06 4.35905e-06 4.11646e-06
1261 3.73328e-06 4.29195e-06 4.11646e-06
1262 3.72975e-06 4.27522e-06 4.11646e-06
1263 3.72607e-06 4.40965e-06 4.11646e-06
1264 3.72984e-06 5.47214e-06 4.11646e-06
1265 3.73156e-06 4.31637e-06 4.11646e-06
1266 3.70931e-06 4.19015e-06 4.11646e-06
1267 3.72069e-06 4.59562e-06 4.11646e-06
1268 3.73808e-06 4.12252e-06 4.11646e-06
1269 3.72868e-06 4.34439e-06 4.11646e-06
1270 3.72703e-06 4.20757e-06 4.11646e-06
1271 3.72736e-06 4.28602e-06 4.11646e-06
1272 3.72783e-06 4.27417e-06 4.11646e-06
1273 3.72131e-06 4.43549e-06 4.11646e-06
1274 3.71554e-06 4.50172e-06 4.11646e-06
1275 3.71718e-06 4.32216e-06 4.11646e-06
1276 3.72795e-06 4.18846e-06 4.11646e-06
1277 3.71892e-06 4.2015e-06 4.11646e-06
1278 3.71399e-06 4.10808e-06 4.11646e-06
1279 3.7232e-06 4.19199e-06 4.10808e-06
1280 3.72337e-06 4.32127e-06 4.10808e-06
1281 3.71122e-06 4.55992e-06 4.10808e-06
1282 3.73008e-06 5.34679e-06 4.10808e-06
1283 3.71161e-06 4.44675e-06 4.10808e-06
1284 3.71318e-06 4.74269e-06 4.10808e-06
1285 3.70446e-06 4.36648e-06 4.10808e-06
1286 3.72511e-06 4.25127e-06 4.10808e-06
1287 3.72613e-06 4.498e-06 4.10808e-06
1288 3.71895e-06 4.10277e-06 4.10808e-06
1289 3.70654e-06 4.46935e-06 4.10277e-06
1290 3.70011e-06 4.41402e-06 4.10277e-06
1291 3.70564e-06 4.31858e-06 4.10277e-06
1292 3.72846e-06 4.28895e-06 4.10277e-06
1293 3.71697e-06 4.87489e-06 4.10277e-06
1294 3.71354e-06 4.7169e-06 4.10277e-06
1295 3.70828e-06 4.14658e-06 4.10277e-06
1296 3.71865e-06 4.32945e-06 4.10277e-06
1297 3.70583e-06 4.24048e-06 4.10277e-06
1298 3.69989e-06 4.15226e-06 4.10277e-06
1299 3.70115e-06 4.1458e-06 4.10277e-06
1300 3.7096e-06 4.32537e-06 4.10277e-06
1301 3.70863e-06 5.22549e-06 4.10277e-06
1302 3.69127e-06 4.13979e-06 4.10277e-06
1303 3.70515e-06 4.12876e-06 4.10277e-06
1304 3.71217e-06 4.27349e-06 4.10277e-06
1305 3.69852e-06 4.60965e-06 4.10277e-06
1306 3.70799e-06 4.44034e-06 4.10277e-06
1307 3.70362e-06 4.63718e-06 4.10277e-06
1308 3.71001e-06 4.18826e-06 4.10277e-06
1309 3.69575e-06 4.15593e-06 4.10277e-06
1310 3.71071e-06 4.33593e-06 4.10277e-06
1311 3.69195e-06 4.70856e-06 4.10277e-06
1312 3.6988e-06 4.22704e-06 4.10277e-06
1313 3.70013e-06 4.1259e-06 4.10277e-06
1314 3.70863e-06 4.41205e-06 4.10277e-06
1315 3.7136e-06 4.15279e-06 4.10277e-06
1316 3.69538e-06 4.2546e-06 4.10277e-06
1317 3.70108e-06 4.24587e-06 4.10277e-06
1318 3.69127e-06 4.08062e-06 4.10277e-06
1319 3.7086e-06 4.32271e-06 4.08062e-06
1320 3.69464e-06 4.35224e-06 4.08062e-06
1321 3.7113e-06 4.68999e-06 4.08062e-06
1322 3.68426e-06 4.28043e-06 4.08062e-06
1323 3.68219e-06 4.38207e-06 4.08062e-06
1324 3.6873e-06 4.07709e-06 4.08062e-06
1325 3.701e-06 4.44179e-06 4.07709e-06
1326 3.69815e-06 4.53517e-06 4.07709e-06
1327 3.69772e-06 4.34963e-06 4.07709e-06
1328 3.69016e-06 4.20447e-06 4.07709e-06
1329 3.69351e-06 5.28452e-06 4.07709e-06
1330 3.69695e-06 4.16993e-06 4.07709e-06
1331 3.69077e-06 4.2156e-06 4.07709e-06
1332 3.69121e-06 4.64847e-06 4.07709e-06
1333 3.69139e-06 4.13713e-06 4.07709e-06
1334 3.68316e-06 4.12207e-06 4.07709e-06
1335 3.68822e-06 4.70118e-06 4.07709e-06
1336 3.68312e-06 4.25554e-06 4.07709e-06
1337 3.68304e-06 4.42296e-06 4.07709e-06
1338 3.686e-06 4.31999e-06 4.07709e-06
1339 3.68382e-06 4.28977e-06 4.07709e-06
1340 3.6766e-06 4.5805e-06 4.07709e-06
1341 3.68432e-06 4.35126e-06 4.07709e-06
1342 3.69052e-06 4.24279e-06 4.07709e-06
1343 3.69583e-06 4.04053e-06 4.07709e-06
1344 3.68176e-06 4.83064e-06 4.04053e-06
1345 3.68003e-06 4.1185e-06 4.04053e-06
1346 3.68702e-06 4.52135e-06 4.04053e-06
1347 3.69442e-06 4.50581e-06 4.04053e-06
1348 3.68337e-06 4.32232e-06 4.04053e-06
1349 3.68699e-06 4.24786e-06 4.04053e-06
1350 3.6811e-06 4.92719e-06 4.04053e-06
1351 3.68868e-06 4.34326e-06 4.04053e-06
1352 3.68481e-06 4.08468e-06 4.04053e-06
1353 3.67697e-06 5.82635e-06 4.04053e-06
1354 3.67692e-06 5.37749e-06 4.04053e-06
1355 3.6782e-06 4.33399e-06 4.04053e-06
1356 3.68946e-06 4.31297e-06 4.04053e-06
1357 3.67525e-06 4.30828e-06 4.04053e-06
1358 3.67963e-06 4.15745e-06 4.04053e-06
1359 3.68114e-06 4.12464e-06 4.04053e-06
1360 3.68414e-06 4.33066e-06 4.04053e-06
1361 3.68125e-06 4.20891e-06 4.04053e-06
1362 3.68578e-06 4.14474e-06 4.04053e-06
1363 3.66548e-06 4.11527e-06 4.04053e-06
1364 3.67949e-06 4.32984e-06 4.04053e-06
1365 3.67944e-06 4.26772e-06 4.04053e-06
1366 3.67307e-06 4.32549e-06 4.04053e-06
1367 3.67896e-06 4.38312e-06 4.04053e-06
1368 3.66351e-06 4.20764e-06 4.04053e-06
1369 3.66394e-06 4.45251e-06 4.04053e-06
1370 3.67632e-06 4.55958e-06 4.04053e-06
1371 3.66751e-06 4.1458e-06 4.04053e-06
1372 3.67454e-06 4.27707e-06 4.04053e-06
1373 3.66096e-06 4.22626e-06 4.04053e-06
1374 3.67545e-06 4.31884e-06 4.04053e-06
1375 3.66885e-06 4.37905e-06 4.04053e-06
1376 3.67774e-06 4.79007e-06 4.04053e-06
1377 3.67096e-06 4.53771e-06 4.04053e-06
1378 3.66361e-06 4.14008e-06 4.04053e-06
1379 3.65706e-06 4.24246e-06 4.04053e-06
1380 3.66429e-06 4.13679e-06 4.04053e-06
1381 3.66156e-06 4.46633e-06 4.04053e-06
1382 3.65737e-06 5.29563e-06 4.04053e-06
1383 3.67223e-06 4.18741e-06 4.04053e-06
1384 3.67103e-06 4.7133e-06 4.04053e-06
1385 3.66574e-06 4.29187e-06 4.04053e-06
1386 3.66271e-06 4.2638e-06 4.04053e-06
1387 3.6679e-06 4.29899e-06 4.04053e-06
1388 3.66175e-06 4.29561e-06 4.04053e-06
1389 3.66254e-06 4.23447e-06 4.04053e-06
1390 3.66111e-06 4.04753e-06 4.04053e-06
1391 3.65187e-06 4.42042e-06 4.04053e-06
1392 3.66488e-06 4.55391e-06 4.04053e-06
1393 3.656e-06 4.6085e-06 4.04053e-06
1394 3.65687e-06 4.25299e-06 4.04053e-06
1395 3.64535e-06 4.07335e-06 4.04053e-06
1396 3.65289e-06 4.49739e-06 4.04053e-06
1397 3.65338e-06 4.36812e-06 4.04053e-06
1398 3.67073e-06 4.10382e-06 4.04053e-06
1399 3.65707e-06 4.45384e-06 4.04053e-06
1400 3.66246e-06 4.43708e-06 4.04053e-06
1401 3.64912e-06 4.39321e-06 4.04053e-06
1402 3.65056e-06 4.25553e-06 4.04053e-06
1403 3.64325e-06 4.28913e-06 4.04053e-06
1404 3.66414e-06 4.9727e-06 4.04053e-06
1405 3.66314e-06 4.42134e-06 4.04053e-06
1406 3.65773e-06 4.33992e-06 4.04053e-06
1407 3.64425e-06 4.4076e-06 4.04053e-06
1408 3.64751e-06 4.212e-06 4.04053e-06
1409 3.64314e-06 4.27851e-06 4.04053e-06
1410 3.6451e-06 4.11713e-06 4.04053e-06
1411 3.66055e-06 4.49556e-06 4.04053e-06
1412 3.66167e-06 4.26413e-06 4.04053e-06
1413 3.64625e-06 4.36936e-06 4.04053e-06
1414 3.64799e-06 4.16866e-06 4.04053e-06
1415 3.65318e-06 4.34641e-06 4.04053e-06
1416 3.65048e-06 4.7045e-06 4.04053e-06
1417 3.65739e-06 4.13731e-06 4.04053e-06
1418 3.64998e-06 4.2641e-06 4.04053e-06
1419 3.64361e-06 4.19431e-06 4.04053e-06
1420 3.64848e-06 4.4554e-06 4.04053e-06
1421 3.64977e-06 4.23792e-06 4.04053e-06
1422 3.642e-06 4.3443e-06 4.04053e-06
1423 3.65001e-06 4.07669e-06 4.04053e-06
1424 3.64914e-06 4.23931e-06 4.04053e-06
1425 3.64059e-06 4.36722e-06 4.04053e-06
1426 3.65131e-06 4.22298e-06 4.04053e-06
1427 3.6479e-06 5.08752e-06 4.04053e-06
1428 3.64987e-06 4.09336e-06 4.04053e-06
1429 3.63946e-06 4.43468e-06 4.04053e-06
1430 3.64281e-06 4.23385e-06 4.04053e-06
1431 3.64107e-06 4.52052e-06 4.04053e-06
1432 3.64831e-06 5.03346e-06 4.04053e-06
1433 3.64971e-06 4.7212e-06 4.04053e-06
1434 3.64091e-06 4.60378e-06 4.04053e-06
1435 3.6396e-06 4.09833e-06 4.04053e-06
1436 3.63712e-06 4.30781e-06 4.04053e-06
1437 3.66238e-06 4.22492e-06 4.04053e-06
1438 3.64629e-06 4.25735e-06 4.04053e-06
1439 3.64725e-06 4.10652e-06 4.04053e-06
1440 3.6346e-06 4.23291e-06 4.04053e-06
1441 3.64222e-06 4.26602e-06 4.04053e-06
1442 3.63086e-06 4.19217e-06 4.04053e-06
1443 3.65106e-06 4.05659e-06 4.04053e-06
1444 3.39923e-06 4.1307e-06 4.04053e-06
1445 3.40295e-06 4.16221e-06 4.04053e-06
1446 3.3947e-06 4.1504e-06 4.04053e-06
1447 3.39763e-06 4.135e-06 4.04053e-06
1448 3.40271e-06 4.00502e-06 4.04053e-06
1449 3.4004e-06 4.25e-06 4.00502e-06
1450 3.39795e-06 3.9878e-06 4.00502e-06
1451 3.3935e-06 4.06685e-06 3.9878e-06
1452 3.3951e-06 4.16623e-06 3.9878e-06
1453 3.40466e-06 4.15777e-06 3.9878e-06
1454 3.39214e-06 4.10984e-06 3.9878e-06
1455 3.39291e-06 4.19454e-06 3.9878e-06
1456 3.3969e-06 4.1725e-06 3.9878e-06
1457 3.39685e-06 4.15738e-06 3.9878e-06
1458 3.39242e-06 4.0611e-06 3.9878e-06
1459 3.3977e-06 4.16773e-06 3.9878e-06
1460 3.38536e-06 4.17829e-06 3.9878e-06
1461 3.39515e-06 4.14042e-06 3.9878e-06
1462 3.3857e-06 4.48084e-06 3.9878e-06
1463 3.38997e-06 4.06054e-06 3.9878e-06
1464 3.39536e-06 4.18883e-06 3.9878e-06
1465 3.383e-06 3.96919e-06 3.9878e-06
1466 3.39158e-06 4.14274e-06 3.96919e-06
1467 3.39489e-06 3.982e-06 3.96919e-06
1468 3.39264e-06 4.10413e-06 3.96919e-06
1469 3.38524e-06 4.01753e-06 3.96919e-06
1470 3.38594e-06 4.03572e-06 3.96919e-06
1471 3.38241e-06 3.94499e-06 3.96919e-06
1472 3.38977e-06 3.95913e-06 3.94499e-06
1473 3.38908e-06 3.97133e-06 3.94499e-06
1474 3.39254e-06 4.15093e-06 3.94499e-06
1475 3.38049e-06 3.98312e-06 3.94499e-06
1476 3.38478e-06 4.14905e-06 3.94499e-06
1477 3.39324e-06 3.95264e-06 3.94499e-06
1478 3.38817e-06 4.15945e-06 3.94499e-06
1479 3.38673e-06 3.99747e-06 3.94499e-06
1480 3.38356e-06 4.00671e-06 3.94499e-06
1481 3.39347e-06 3.98712e-06 3.94499e-06
1482 3.38196e-06 3.95938e-06 3.94499e-06
1483 3.3899e-06 4.07523e-06 3.94499e-06
1484 3.39287e-06 4.00047e-06 3.94499e-06
1485 3.38845e-06 4.03843e-06 3.94499e-06
1486 3.39498e-06 4.25039e-06 3.94499e-06
1487 3.38833e-06 3.98497e-06 3.94499e-06
1488 3.39194e-06 4.04181e-06 3.94499e-06
1489 3.38382e-06 4.23924e-06 3.94499e-06
1490 3.38669e-06 4.01732e-06 3.94499e-06
1491 3.38826e-06 4.0586e-06 3.94499e-06
1492 3.39545e-06 4.00848e-06 3.94499e-06
1493 3.38262e-06 4.08891e-06 3.94499e-06
1494 3.38234e-06 4.10718e-06 3.94499e-06
1495 3.38694e-06 4.166e-06 3.94499e-06
1496 3.3945e-06 3.99847e-06 3.94499e-06
1497 3.38378e-06 4.14166e-06 3.94499e-06
1498 3.38705e-06 3.96794e-06 3.94499e-06
1499 3.38208e-06 4.0772e-06 3.94499e-06
1500 3.39007e-06 4.46361e-06 3.94499e-06
1501 3.38712e-06 4.12963e-06 3.94499e-06
1502 3.38702e-06 4.02518e-06 3.94499e-06
1503 3.38136e-06 4.16219e-06 3.94499e-06
1504 3.38973e-06 4.14007e-06 3.94499e-06
1505 3.37836e-06 3.97682e-06 3.94499e-06
1506 3.38419e-06 4.10203e-06 3.94499e-06
1507 3.39402e-06 4.16796e-06 3.94499e-06
1508 3.38049e-06 4.15366e-06 3.94499e-06
1509 3.37558e-06 3.9866e-06 3.94499e-06
1510 3.38464e-06 4.13279e-06 3.94499e-06
1511 3.38076e-06 4.17279e-06 3.94499e-06
1512 3.37252e-06 4.01788e-06 3.94499e-06
1513 3.39335e-06 3.98724e-06 3.94499e-06
1514 3.39109e-06 4.02469e-06 3.94499e-06
1515 3.38378e-06 3.99662e-06 3.94499e-06
1516 3.3833e-06 4.11281e-06 3.94499e-06
1517 3.38002e-06 3.92818e-06 3.94499e-06
1518 3.37424e-06 3.96148e-06 3.92818e-06
1519 3.38461e-06 4.16566e-06 3.92818e-06
1520 3.39036e-06 4.19208e-06 3.92818e-06
1521 3.3771e-06 3.94792e-06 3.92818e-06
1522 3.38163e-06 4.12472e-06 3.92818e-06
1523 3.38023e-06 4.27886e-06 3.92818e-06
1524 3.38157e-06 4.04832e-06 3.92818e-06
1525 3.38273e-06 4.16773e-06 3.92818e-06
1526 3.36924e-06 4.18318e-06 3.92818e-06
1527 3.38146e-06 4.15518e-06 3.92818e-06
1528 3.37649e-06 4.20714e-06 3.92818e-06
1529 3.37862e-06 4.08226e-06 3.92818e-06
1530 3.38401e-06 4.22414e-06 3.92818e-06
1531 3.3791e-06 4.13595e-06 3.92818e-06
1532 3.37466e-06 4.00141e-06 3.92818e-06
1533 3.37889e-06 3.9432e-06 3.92818e-06
1534 3.38008e-06 4.18095e-06 3.92818e-06
1535 3.37347e-06 4.04349e-06 3.92818e-06
1536 3.37972e-06 4.12065e-06 3.92818e-06
1537 3.38192e-06 4.2002e-06 3.92818e-06
1538 3.381e-06 4.08282e-06 3.92818e-06
1539 3.37601e-06 4.06353e-06 3.92818e-06
1540 3.37142e-06 4.20864e-06 3.92818e-06
1541 3.38176e-06 4.01871e-06 3.92818e-06
1542 3.37687e-06 4.20035e-06 3.92818e-06
1543 3.37996e-06 3.94353e-06 3.92818e-06
1544 3.38698e-06 4.05161e-06 3.92818e-06
1545 3.37478e-06 3.97691e-06 3.92818e-06
1546 3.3798e-06 3.99793e-06 3.92818e-06
1547 3.37708e-06 4.0688e-06 3.92818e-06
1548 3.37728e-06 4.19917e-06 3.92818e-06
1549 3.37767e-06 4.00963e-06 3.92818e-06
1550 3.37979e-06 4.08046e-06 3.92818e-06
1551 3.37791e-06 3.97726e-06 3.92818e-06
1552 3.38164e-06 3.99796e-06 3.92818e-06
1553 3.37003e-06 3.97968e-06 3.92818e-06
1554 3.38001e-06 3.99321e-06 3.92818e-06
1555 3.37367e-06 4.01856e-06 3.92818e-06
1556 3.38164e-06 4.1797e-06 3.92818e-06
1557 3.36968e-06 3.97634e-06 3.92818e-06
1558 3.36831e-06 4.00834e-06 3.92818e-06
1559 3.36431e-06 3.97839e-06 3.92818e-06
1560 3.37913e-06 3.97916e-06 3.92818e-06
1561 3.38103e-06 4.1225e-06 3.92818e-06
1562 3.36711e-06 4.06715e-06 3.92818e-06
1563 3.37282e-06 4.35779e-06 3.92818e-06
1564 3.37701e-06 3.92617e-06 3.92818e-06
1565 3.37299e-06 3.9565e-06 3.92617e-06
1566 3.36692e-06 4.05237e-06 3.92617e-06
1567 3.37933e-06 4.00787e-06 3.92617e-06
1568 3.37087e-06 3.99264e-06 3.92617e-06
1569 3.37315e-06 4.10235e-06 3.92617e-06
1570 3.37504e-06 4.06596e-06 3.92617e-06
1571 3.36822e-06 3.97609e-06 3.92617e-06
1572 3.36539e-06 4.0166e-06 3.92617e-06
1573 3.3649e-06 4.10815e-06 3.92617e-06
1574 3.3693e-06 3.96389e-06 3.92617e-06
1575 3.36301e-06 3.92497e-06 3.92617e-06
1576 3.37594e-06 4.12241e-06 3.92497e-06
1577 3.36295e-06 4.18092e-06 3.92497e-06
1578 3.36945e-06 3.91782e-06 3.92497e-06
1579 3.37297e-06 4.20897e-06 3.91782e-06
1580 3.36842e-06 4.07815e-06 3.91782e-06
1581 3.37521e-06 3.99525e-06 3.91782e-06
1582 3.37365e-06 3.96852e-06 3.91782e-06
1583 3.37416e-06 4.10438e-06 3.91782e-06
1584 3.36941e-06 4.15281e-06 3.91782e-06
1585 3.37181e-06 4.04602e-06 3.91782e-06
1586 3.37214e-06 4.28477e-06 3.91782e-06
1587 3.37142e-06 3.98429e-06 3.91782e-06
1588 3.36104e-06 4.21979e-06 3.91782e-06
1589 3.35973e-06 3.92859e-06 3.91782e-06
1590 3.36568e-06 4.10767e-06 3.91782e-06
1591 3.36538e-06 4.01532e-06 3.91782e-06
1592 3.37237e-06 4.13185e-06 3.91782e-06
1593 3.37013e-06 4.15338e-06 3.91782e-06
1594 3.37516e-06 4.11102e-06 3.91782e-06
1595 3.36967e-06 3.94283e-06 3.91782e-06
1596 3.37547e-06 3.96557e-06 3.91782e-06
1597 3.37335e-06 4.08637e-06 3.91782e-06
1598 3.37572e-06 4.23653e-06 3.91782e-06
1599 3.36664e-06 4.11969e-06 3.91782e-06
1600 3.36766e-06 4.11873e-06 3.91782e-06
1601 3.3714e-06 4.14004e-06 3.91782e-06
1602 3.36711e-06 4.18504e-06 3.91782e-06
1603 3.37434e-06 3.9661e-06 3.91782e-06
1604 3.36917e-06 4.13726e-06 3.91782e-06
1605 3.37002e-06 3.96626e-06 3.91782e-06
1606 3.36559e-06 4.16781e-06 3.91782e-06
1607 3.37616e-06 4.05079e-06 3.91782e-06
1608 3.37337e-06 3.97137e-06 3.91782e-06
1609 3.35814e-06 3.9612e-06 3.91782e-06
1610 3.36519e-06 4.05717e-06 3.91782e-06
1611 3.37663e-06 4.01062e-06 3.91782e-06
1612 3.36671e-06 4.10856e-06 3.91782e-06
1613 3.36165e-06 4.12525e-06 3.91782e-06
1614 3.37059e-06 4.13029e-06 3.91782e-06
1615 3.37303e-06 4.15312e-06 3.91782e-06
1616 3.36151e-06 3.98321e-06 3.91782e-06
1617 3.36812e-06 4.12598e-06 3.91782e-06
1618 3.36495e-06 4.13411e-06 3.91782e-06
1619 3.36344e-06 4.0245e-06 3.91782e-06
1620 3.36476e-06 4.16979e-06 3.91782e-06
1621 3.36586e-06 3.98387e-06 3.91782e-06
1622 3.37126e-06 3.99132e-06 3.91782e-06
1623 3.36693e-06 3.96519e-06 3.91782e-06
1624 3.36422e-06 4.03056e-06 3.91782e-06
1625 3.35975e-06 3.91466e-06 3.91782e-06
1626 3.36654e-06 4.17968e-06 3.91466e-06
1627 3.35886e-06 3.99763e-06 3.91466e-06
1628 3.36354e-06 4.08299e-06 3.91466e-06
1629 3.3673e-06 4.07633e-06 3.91466e-06
1630 3.36169e-06 3.98926e-06 3.91466e-06
1631 3.36729e-06 4.14201e-06 3.91466e-06
1632 3.36769e-06 3.95923e-06 3.91466e-06
1633 3.3658e-06 3.94413e-06 3.91466e-06
1634 3.35486e-06 4.11471e-06 3.91466e-06
1635 3.3662e-06 4.10082e-06 3.91466e-06
1636 3.36415e-06 3.92198e-06 3.91466e-06
1637 3.36161e-06 4.24423e-06 3.91466e-06
1638 3.36137e-06 3.92732e-06 3.91466e-06
1639 3.36362e-06 3.94624e-06 3.91466e-06
1640 3.36352e-06 4.01894e-06 3.91466e-06
1641 3.3682e-06 4.15541e-06 3.91466e-06
1642 3.36546e-06 4.19067e-06 3.91466e-06
1643 3.36497e-06 4.10992e-06 3.91466e-06
1644 3.36601e-06 3.91311e-06 3.91466e-06
1645 3.36587e-06 3.97357e-06 3.91311e-06
1646 3.35126e-06 4.05504e-06 3.91311e-06
1647 3.35864e-06 3.9973e-06 3.91311e-06
1648 3.36291e-06 4.1401e-06 3.91311e-06
1649 3.3601e-06 4.11101e-06 3.91311e-06
1650 3.36299e-06 4.18922e-06 3.91311e-06
1651 3.3636e-06 4.115e-06 3.91311e-06
1652 3.35706e-06 3.93601e-06 3.91311e-06
1653 3.36498e-06 3.86203e-06 3.91311e-06
1654 3.3643e-06 4.06141e-06 3.86203e-06
1655 3.3603e-06 4.28508e-06 3.86203e-06
1656 3.35576e-06 4.07238e-06 3.86203e-06
1657 3.36847e-06 4.08116e-06 3.86203e-06
1658 3.36878e-06 3.9892e-06 3.86203e-06
1659 3.35307e-06 4.00383e-06 3.86203e-06
1660 3.36039e-06 4.13696e-06 3.86203e-06
1661 3.36692e-06 4.03783e-06 3.86203e-06
1662 3.36236e-06 4.18667e-06 3.86203e-06
1663 3.35764e-06 4.05683e-06 3.86203e-06
1664 3.36514e-06 4.09506e-06 3.86203e-06
1665 3.35345e-06 4.05197e-06 3.86203e-06
1666 3.36083e-06 3.99546e-06 3.86203e-06
1667 3.36248e-06 4.16271e-06 3.86203e-06
1668 3.36045e-06 3.99955e-06 3.86203e-06
1669 3.35318e-06 4.11251e-06 3.86203e-06
1670 3.35874e-06 3.96158e-06 3.86203e-06
1671 3.36681e-06 4.27596e-06 3.86203e-06
1672 3.3559e-06 4.13541e-06 3.86203e-06
1673 3.3535e-06 4.20408e-06 3.86203e-06
1674 3.35718e-06 4.12925e-06 3.86203e-06
1675 3.35684e-06 4.08853e-06 3.86203e-06
1676 3.35345e-06 4.15122e-06 3.86203e-06
1677 3.35134e-06 4.0885e-06 3.86203e-06
1678 3.35445e-06 4.02436e-06 3.86203e-06
1679 3.35403e-06 4.11543e-06 3.86203e-06
1680 3.35693e-06 4.11294e-06 3.86203e-06
1681 3.3554e-06 4.16046e-06 3.86203e-06
1682 3.35169e-06 3.93171e-06 3.86203e-06
1683 3.34775e-06 4.02884e-06 3.86203e-06
1684 3.35496e-06 3.96536e-06 3.86203e-06
1685 3.3602e-06 4.03258e-06 3.86203e-06
1686 3.35768e-06 3.94362e-06 3.86203e-06
1687 3.3586e-06 3.95042e-06 3.86203e-06
1688 3.36145e-06 3.99656e-06 3.86203e-06
1689 3.35001e-06 4.38001e-06 3.86203e-06
1690 3.35109e-06 3.98179e-06 3.86203e-06
1691 3.35403e-06 3.94374e-06 3.86203e-06
1692 3.34378e-06 4.1151e-06 3.86203e-06
1693 3.36007e-06 4.1522e-06 3.86203e-06
1694 3.35684e-06 3.95367e-06 3.86203e-06
1695 3.35222e-06 4.0916e-06 3.86203e-06
1696 3.34847e-06 4.04221e-06 3.86203e-06
1697 3.3663e-06 4.04358e-06 3.86203e-06
1698 3.36045e-06 4.04439e-06 3.86203e-06
1699 3.35626e-06 4.29675e-06 3.86203e-06
1700 3.35451e-06 4.12566e-06 3.86203e-06
1701 3.35461e-06 3.98415e-06 3.86203e-06
1702 3.35059e-06 4.12121e-06 3.86203e-06
1703 3.34856e-06 3.98561e-06 3.86203e-06
1704 3.34612e-06 4.06648e-06 3.86203e-06
1705 3.35578e-06 3.90986e-06 3.86203e-06
1706 3.3603e-06 4.16913e-06 3.86203e-06
1707 3.34511e-06 4.2896e-06 3.86203e-06
1708 3.358e-06 3.9022e-06 3.86203e-06
1709 3.34444e-06 3.94844e-06 3.86203e-06
1710 3.35993e-06 4.1964e-06 3.86203e-06
1711 3.35608e-06 4.11085e-06 3.86203e-06
1712 3.35247e-06 4.18962e-06 3.86203e-06
1713 3.34696e-06 4.0944e-06 3.86203e-06
1714 3.34749e-06 4.01934e-06 3.86203e-06
1715 3.34718e-06 4.16733e-06 3.86203e-06
1716 3.355e-06 4.02154e-06 3.86203e-06
1717 3.35359e-06 3.97831e-06 3.86203e-06
1718 3.34269e-06 3.96795e-06 3.86203e-06
1719 3.35243e-06 3.9886e-06 3.86203e-06
1720 3.34873e-06 4.00527e-06 3.86203e-06
1721 3.35805e-06 4.20327e-06 3.86203e-06
1722 3.35421e-06 3.99239e-06 3.86203e-06
1723 3.35271e-06 3.95802e-06 3.86203e-06
1724 3.35371e-06 4.17244e-06 3.86203e-06
1725 3.35246e-06 3.99045e-06 3.86203e-06
1726 3.34899e-06 3.92295e-06 3.86203e-06
1727 3.35545e-06 3.9235e-06 3.86203e-06
1728 3.35491e-06 4.16467e-06 3.86203e-06
1729 3.3473e-06 3.98005e-06 3.86203e-06
1730 3.35164e-06 4.1358e-06 3.86203e-06
1731 3.35623e-06 4.08866e-06 3.86203e-06
1732 3.34844e-06 4.09576e-06 3.86203e-06
1733 3.3491e-06 3.98461e-06 3.86203e-06
1734 3.34921e-06 3.97352e-06 3.86203e-06
1735 3.35318e-06 3.97385e-06 3.86203e-06
1736 3.34789e-06 3.96606e-06 3.86203e-06
1737 3.34752e-06 4.12876e-06 3.86203e-06
1738 3.3482e-06 4.13758e-06 3.86203e-06
1739 3.34199e-06 4.09813e-06 3.86203e-06
1740 3.35572e-06 4.08473e-06 3.86203e-06
1741 3.35324e-06 4.16571e-06 3.86203e-06
1742 3.34157e-06 4.16884e-06 3.86203e-06
1743 3.34732e-06 4.06914e-06 3.86203e-06
1744 3.34554e-06 4.30799e-06 3.86203e-06
1745 3.34961e-06 4.16362e-06 3.86203e-06
1746 3.33784e-06 3.98726e-06 3.86203e-06
1747 3.3458e-06 3.99091e-06 3.86203e-06
1748 3.34843e-06 4.1973e-06 3.86203e-06
1749 3.34229e-06 4.18424e-06 3.86203e-06
1750 3.34603e-06 4.00791e-06 3.86203e-06
1751 3.34281e-06 4.15463e-06 3.86203e-06
1752 3.3445e-06 4.12541e-06 3.86203e-06
1753 3.3514e-06 3.91849e-06 3.86203e-06
