1 0.0556564 0.00641954 1.79769e+308 1.79769e+308 inf inf
2 0.0506836 0.00131356 1.79769e+308 1.79769e+308 inf inf
3 0.00410655 0.00178758 0.00131356 1.79769e+308 22.7429 inf
4 0.00145388 0.000170713 0.00131356 1.79769e+308 22.7429 inf
5 0.00107103 0.000182695 0.000170713 1.79769e+308 8.19885 inf
6 0.000954076 0.000296472 0.000182695 1.79769e+308 8.48172 inf
7 0.000830099 0.000107083 0.000182695 1.79769e+308 8.48172 inf
8 0.000788532 0.00039343 0.000107083 1.79769e+308 6.49354 inf
9 0.000802595 0.000564957 0.000107083 1.79769e+308 6.49354 inf
10 0.000695063 0.000418283 0.000107083 1.79769e+308 6.49354 inf
11 0.000686179 0.000870323 0.000107083 1.79769e+308 6.49354 inf
12 0.0006343 0.00361302 0.000107083 1.79769e+308 6.49354 inf
13 0.000604557 0.00018069 0.000107083 1.79769e+308 6.49354 inf
14 0.000609457 0.00010171 0.000107083 1.79769e+308 6.49354 inf
15 0.000563621 0.000489777 0.00010171 1.79769e+308 6.32852 inf
16 0.000550521 0.000325701 0.00010171 1.79769e+308 6.32852 inf
17 0.000535136 0.00026599 0.00010171 1.79769e+308 6.32852 inf
18 0.000511863 0.000472404 0.00010171 1.79769e+308 6.32852 inf
19 0.000484549 0.000170618 0.00010171 1.79769e+308 6.32852 inf
20 0.000506255 0.000831455 0.00010171 1.79769e+308 6.32852 inf
21 0.000471805 0.00183862 0.00010171 1.79769e+308 6.32852 inf
22 0.000462547 5.34359e-05 0.00010171 1.79769e+308 6.32852 inf
23 0.000457334 4.53689e-05 5.34359e-05 1.79769e+308 4.58709 inf
24 0.000435453 4.85938e-05 4.53689e-05 1.79769e+308 4.22668 inf
25 0.000442409 0.00515596 4.53689e-05 1.79769e+308 4.22668 inf
26 0.000426901 0.00376318 4.53689e-05 1.79769e+308 4.22668 inf
27 0.000422132 4.73624e-05 4.53689e-05 1.79769e+308 4.22668 inf
28 0.000415752 0.000127745 4.53689e-05 1.79769e+308 4.22668 inf
29 0.000408509 0.000161504 4.53689e-05 1.79769e+308 4.22668 inf
30 0.000399082 0.000110695 4.53689e-05 1.79769e+308 4.22668 inf
31 0.000401913 8.6246e-05 4.53689e-05 1.79769e+308 4.22668 inf
32 0.000387534 0.00011731 4.53689e-05 1.79769e+308 4.22668 inf
33 0.000389476 0.00151028 4.53689e-05 1.79769e+308 4.22668 inf
34 0.000381302 0.000418645 4.53689e-05 1.79769e+308 4.22668 inf
35 0.000379257 5.19946e-05 4.53689e-05 1.79769e+308 4.22668 inf
36 0.000377942 6.29286e-05 4.53689e-05 1.79769e+308 4.22668 inf
37 0.000383686 0.00393281 4.53689e-05 1.79769e+308 4.22668 inf
38 0.000356604 3.87585e-05 4.53689e-05 1.79769e+308 4.22668 inf
39 0.00036313 0.000398984 3.87585e-05 1.79769e+308 3.90665 inf
40 0.000370173 3.59731e-05 3.87585e-05 1.79769e+308 3.90665 inf
41 0.000361865 9.63675e-05 3.59731e-05 1.79769e+308 3.76365 inf
42 0.000354775 0.0026691 3.59731e-05 1.79769e+308 3.76365 inf
43 0.00035792 0.000182087 3.59731e-05 1.79769e+308 3.76365 inf
44 0.00035252 5.11329e-05 3.59731e-05 1.79769e+308 3.76365 inf
45 0.000350871 4.07148e-05 3.59731e-05 1.79769e+308 3.76365 inf
46 0.000354871 3.82045e-05 3.59731e-05 1.79769e+308 3.76365 inf
47 0.000348235 6.44288e-05 3.59731e-05 1.79769e+308 3.76365 inf
48 0.000349424 4.22679e-05 3.59731e-05 1.79769e+308 3.76365 inf
49 0.00034 7.05142e-05 3.59731e-05 1.79769e+308 3.76365 inf
50 0.000345155 0.000313615 3.59731e-05 1.79769e+308 3.76365 inf
51 0.000340851 9.13694e-05 3.59731e-05 1.79769e+308 3.76365 inf
52 0.000339407 0.000276952 3.59731e-05 1.79769e+308 3.76365 inf
53 0.000334494 7.81778e-05 3.59731e-05 1.79769e+308 3.76365 inf
54 0.000335159 0.00020471 3.59731e-05 1.79769e+308 3.76365 inf
55 0.000333878 3.69847e-05 3.59731e-05 1.79769e+308 3.76365 inf
56 0.000343238 4.63453e-05 3.59731e-05 1.79769e+308 3.76365 inf
57 0.000325299 5.32811e-05 3.59731e-05 1.79769e+308 3.76365 inf
58 0.000327807 5.40467e-05 3.59731e-05 1.79769e+308 3.76365 inf
59 0.00033265 3.40838e-05 3.59731e-05 1.79769e+308 3.76365 inf
60 0.000323592 7.54527e-05 3.40838e-05 1.79769e+308 3.66348 inf
61 0.000324411 5.59665e-05 3.40838e-05 1.79769e+308 3.66348 inf
62 0.00031931 0.000434568 3.40838e-05 1.79769e+308 3.66348 inf
63 0.000320447 0.000529231 3.40838e-05 1.79769e+308 3.66348 inf
64 0.000317647 4.81434e-05 3.40838e-05 1.79769e+308 3.66348 inf
65 0.000330625 3.65634e-05 3.40838e-05 1.79769e+308 3.66348 inf
66 0.000306294 6.07494e-05 3.40838e-05 1.79769e+308 3.66348 inf
67 0.000311173 0.000189094 3.40838e-05 1.79769e+308 3.66348 inf
68 0.000315162 0.00100107 3.40838e-05 1.79769e+308 3.66348 inf
69 0.000311877 0.00407921 3.40838e-05 1.79769e+308 3.66348 inf
70 0.000309513 8.28472e-05 3.40838e-05 1.79769e+308 3.66348 inf
71 0.000307666 0.000109009 3.40838e-05 1.79769e+308 3.66348 inf
72 0.000309818 4.3887e-05 3.40838e-05 1.79769e+308 3.66348 inf
73 0.000308172 0.00108759 3.40838e-05 1.79769e+308 3.66348 inf
74 0.000305476 0.00169533 3.40838e-05 1.79769e+308 3.66348 inf
75 0.000299919 0.000339974 3.40838e-05 1.79769e+308 3.66348 inf
76 0.000302249 0.00152224 3.40838e-05 1.79769e+308 3.66348 inf
77 0.000303287 5.21744e-05 3.40838e-05 1.79769e+308 3.66348 inf
78 0.000300275 9.59182e-05 3.40838e-05 1.79769e+308 3.66348 inf
79 0.000299098 0.000103275 3.40838e-05 1.79769e+308 3.66348 inf
80 0.000298457 4.03417e-05 3.40838e-05 1.79769e+308 3.66348 inf
81 0.000296124 4.63029e-05 3.40838e-05 1.79769e+308 3.66348 inf
82 0.000296028 3.96725e-05 3.40838e-05 1.79769e+308 3.66348 inf
83 0.000294668 0.000194705 3.40838e-05 1.79769e+308 3.66348 inf
84 0.000301312 3.00596e-05 3.40838e-05 1.79769e+308 3.66348 inf
85 0.000288406 9.80254e-05 3.00596e-05 1.79769e+308 3.44042 inf
86 0.000292376 6.90038e-05 3.00596e-05 1.79769e+308 3.44042 inf
87 0.000288705 3.0823e-05 3.00596e-05 1.79769e+308 3.44042 inf
88 0.000287939 0.000129294 3.00596e-05 1.79769e+308 3.44042 inf
89 0.000292629 2.91043e-05 3.00596e-05 1.79769e+308 3.44042 inf
90 0.000283534 0.000150177 2.91043e-05 1.79769e+308 3.38531 inf
91 0.000276557 3.04434e-05 2.91043e-05 1.79769e+308 3.38531 inf
92 0.000283438 3.30919e-05 2.91043e-05 1.79769e+308 3.38531 inf
93 0.000281123 8.7484e-05 2.91043e-05 1.79769e+308 3.38531 inf
94 0.0002806 0.000465997 2.91043e-05 1.79769e+308 3.38531 inf
95 0.000277092 0.000209182 2.91043e-05 1.79769e+308 3.38531 inf
96 0.000274893 3.25719e-05 2.91043e-05 1.79769e+308 3.38531 inf
97 0.000279349 0.000145171 2.91043e-05 1.79769e+308 3.38531 inf
98 0.000285406 3.99731e-05 2.91043e-05 1.79769e+308 3.38531 inf
99 0.000267847 9.05175e-05 2.91043e-05 1.79769e+308 3.38531 inf
100 0.000271578 0.000402275 2.91043e-05 1.79769e+308 3.38531 inf
101 0.000274881 3.27312e-05 2.91043e-05 1.79769e+308 3.38531 inf
102 0.000273232 3.11604e-05 2.91043e-05 1.79769e+308 3.38531 inf
103 0.000274011 4.97713e-05 2.91043e-05 1.79769e+308 3.38531 inf
104 0.000272177 4.73279e-05 2.91043e-05 1.79769e+308 3.38531 inf
105 0.000268539 5.71408e-05 2.91043e-05 1.79769e+308 3.38531 inf
106 0.000268176 0.000504816 2.91043e-05 1.79769e+308 3.38531 inf
107 0.000266666 5.26009e-05 2.91043e-05 1.79769e+308 3.38531 inf
108 0.000268639 2.89936e-05 2.91043e-05 1.79769e+308 3.38531 inf
109 0.000266289 4.5788e-05 2.89936e-05 1.79769e+308 3.37887 inf
110 0.000268438 0.00121091 2.89936e-05 1.79769e+308 3.37887 inf
111 0.000267849 0.000143672 2.89936e-05 1.79769e+308 3.37887 inf
112 0.000269358 3.54955e-05 2.89936e-05 1.79769e+308 3.37887 inf
113 0.000262256 0.000241192 2.89936e-05 1.79769e+308 3.37887 inf
114 0.000264655 6.89453e-05 2.89936e-05 1.79769e+308 3.37887 inf
115 0.00026339 8.49278e-05 2.89936e-05 1.79769e+308 3.37887 inf
116 0.000263446 6.72157e-05 2.89936e-05 1.79769e+308 3.37887 inf
117 0.000261127 0.00055245 2.89936e-05 1.79769e+308 3.37887 inf
118 0.000260447 0.00029473 2.89936e-05 1.79769e+308 3.37887 inf
119 0.000258427 3.10978e-05 2.89936e-05 1.79769e+308 3.37887 inf
120 0.000260257 6.57955e-05 2.89936e-05 1.79769e+308 3.37887 inf
121 0.000258347 3.13991e-05 2.89936e-05 1.79769e+308 3.37887 inf
122 0.000254654 5.34293e-05 2.89936e-05 1.79769e+308 3.37887 inf
123 0.000259604 9.12907e-05 2.89936e-05 1.79769e+308 3.37887 inf
124 0.000255675 0.000546061 2.89936e-05 1.79769e+308 3.37887 inf
125 0.000258302 0.000433638 2.89936e-05 1.79769e+308 3.37887 inf
126 0.000259802 9.98513e-05 2.89936e-05 1.79769e+308 3.37887 inf
127 0.000253524 8.2033e-05 2.89936e-05 1.79769e+308 3.37887 inf
128 0.000251671 0.000141053 2.89936e-05 1.79769e+308 3.37887 inf
129 0.000251411 8.16914e-05 2.89936e-05 1.79769e+308 3.37887 inf
130 0.000256544 0.000119791 2.89936e-05 1.79769e+308 3.37887 inf
131 0.000245704 0.000443745 2.89936e-05 1.79769e+308 3.37887 inf
132 0.000250045 0.0060763 2.89936e-05 1.79769e+308 3.37887 inf
133 0.000241147 0.000122152 2.89936e-05 1.79769e+308 3.37887 inf
134 0.000244309 0.000414958 2.89936e-05 1.79769e+308 3.37887 inf
135 0.000244134 3.87383e-05 2.89936e-05 1.79769e+308 3.37887 inf
136 0.000240944 0.00126633 2.89936e-05 1.79769e+308 3.37887 inf
137 0.000234274 4.53115e-05 2.89936e-05 1.79769e+308 3.37887 inf
138 0.000233081 0.000725105 2.89936e-05 1.79769e+308 3.37887 inf
139 0.000232849 0.00011855 2.89936e-05 1.79769e+308 3.37887 inf
140 0.000234618 0.000158159 2.89936e-05 1.79769e+308 3.37887 inf
141 0.000229509 0.000352819 2.89936e-05 1.79769e+308 3.37887 inf
142 0.000225409 0.00039339 2.89936e-05 1.79769e+308 3.37887 inf
143 0.00023333 0.000147744 2.89936e-05 1.79769e+308 3.37887 inf
144 0.000221654 2.82814e-05 2.89936e-05 1.79769e+308 3.37887 inf
145 0.000221789 0.000594908 2.82814e-05 1.79769e+308 3.33711 inf
146 0.0002205 3.01999e-05 2.82814e-05 1.79769e+308 3.33711 inf
147 0.000215039 6.79292e-05 2.82814e-05 1.79769e+308 3.33711 inf
148 0.000218196 0.0003532 2.82814e-05 1.79769e+308 3.33711 inf
149 0.000216186 0.000259639 2.82814e-05 1.79769e+308 3.33711 inf
150 0.000218128 3.23924e-05 2.82814e-05 1.79769e+308 3.33711 inf
151 0.000205619 3.73438e-05 2.82814e-05 1.79769e+308 3.33711 inf
152 0.000210653 3.8271e-05 2.82814e-05 1.79769e+308 3.33711 inf
153 0.000205603 3.00389e-05 2.82814e-05 1.79769e+308 3.33711 inf
154 0.000209683 0.000398253 2.82814e-05 1.79769e+308 3.33711 inf
155 0.000205257 6.61103e-05 2.82814e-05 1.79769e+308 3.33711 inf
156 0.000201962 0.000133635 2.82814e-05 1.79769e+308 3.33711 inf
157 0.000200535 0.000102679 2.82814e-05 1.79769e+308 3.33711 inf
158 0.000200896 3.25533e-05 2.82814e-05 1.79769e+308 3.33711 inf
159 0.000192716 2.83518e-05 2.82814e-05 1.79769e+308 3.33711 inf
160 0.000196332 3.06423e-05 2.83518e-05 1.79769e+308 3.34127 inf
161 0.000192139 3.4406e-05 2.83518e-05 1.79769e+308 3.34127 inf
162 0.000196768 2.85056e-05 2.83518e-05 1.79769e+308 3.34127 inf
163 0.000191825 4.6053e-05 2.83518e-05 1.79769e+308 3.34127 inf
164 0.000189043 3.78467e-05 2.83518e-05 1.79769e+308 3.34127 inf
165 0.000191111 5.73559e-05 2.83518e-05 1.79769e+308 3.34127 inf
166 0.000187974 0.000206549 2.83518e-05 1.79769e+308 3.34127 inf
167 0.000189174 0.00015303 2.83518e-05 1.79769e+308 3.34127 inf
168 0.000189048 3.7297e-05 2.83518e-05 1.79769e+308 3.34127 inf
169 0.000187859 4.24679e-05 2.83518e-05 1.79769e+308 3.34127 inf
170 0.000189856 3.01529e-05 2.83518e-05 1.79769e+308 3.34127 inf
171 0.000185598 0.000132375 2.83518e-05 1.79769e+308 3.34127 inf
172 0.000187891 5.75008e-05 2.83518e-05 1.79769e+308 3.34127 inf
173 0.000183525 2.76743e-05 2.83518e-05 1.79769e+308 3.34127 inf
174 0.000187016 3.16216e-05 2.83518e-05 1.79769e+308 3.34127 inf
175 0.000189169 3.18021e-05 2.83518e-05 1.79769e+308 3.34127 inf
176 0.000183773 3.07138e-05 2.83518e-05 1.79769e+308 3.34127 inf
177 0.000185878 0.000244115 2.83518e-05 1.79769e+308 3.34127 inf
178 0.000186589 0.000317345 2.83518e-05 1.79769e+308 3.34127 inf
179 0.000181712 0.000294705 2.83518e-05 1.79769e+308 3.34127 inf
180 0.000182898 0.000808547 2.83518e-05 1.79769e+308 3.34127 inf
181 0.000182713 5.09859e-05 2.83518e-05 1.79769e+308 3.34127 inf
182 0.000183895 0.000299169 2.83518e-05 1.79769e+308 3.34127 inf
183 0.000180154 0.0001063 2.83518e-05 1.79769e+308 3.34127 inf
184 0.000180138 3.05554e-05 2.83518e-05 1.79769e+308 3.34127 inf
185 0.000182118 2.91654e-05 2.83518e-05 1.79769e+308 3.34127 inf
186 0.000178356 0.000292613 2.83518e-05 1.79769e+308 3.34127 inf
187 0.000184899 3.12673e-05 2.83518e-05 1.79769e+308 3.34127 inf
188 0.000173765 4.43312e-05 2.83518e-05 1.79769e+308 3.34127 inf
189 0.000177675 2.90802e-05 2.83518e-05 1.79769e+308 3.34127 inf
190 0.000176287 0.000461177 2.83518e-05 1.79769e+308 3.34127 inf
191 0.000178717 3.77994e-05 2.83518e-05 1.79769e+308 3.34127 inf
192 0.000174602 0.000422095 2.83518e-05 1.79769e+308 3.34127 inf
193 0.000177983 5.60353e-05 2.83518e-05 1.79769e+308 3.34127 inf
194 0.000175216 4.89876e-05 2.83518e-05 1.79769e+308 3.34127 inf
195 0.000178029 0.00053841 2.83518e-05 1.79769e+308 3.34127 inf
196 0.000181035 3.01255e-05 2.83518e-05 1.79769e+308 3.34127 inf
197 0.000168462 0.000214841 2.83518e-05 1.79769e+308 3.34127 inf
198 0.000177017 2.61908e-05 2.83518e-05 1.79769e+308 3.34127 inf
199 0.000173178 3.03344e-05 2.61908e-05 1.79769e+308 3.2114 inf
200 0.000176808 7.21314e-05 2.61908e-05 1.79769e+308 3.2114 inf
201 0.000176556 0.00115145 2.61908e-05 1.79769e+308 3.2114 inf
202 0.000171895 3.92825e-05 2.61908e-05 1.79769e+308 3.2114 inf
203 0.000172375 3.88295e-05 2.61908e-05 1.79769e+308 3.2114 inf
204 0.000174349 3.40533e-05 2.61908e-05 1.79769e+308 3.2114 inf
205 0.000173399 0.000149172 2.61908e-05 1.79769e+308 3.2114 inf
206 0.000177118 0.000226496 2.61908e-05 1.79769e+308 3.2114 inf
207 0.000168877 6.19215e-05 2.61908e-05 1.79769e+308 3.2114 inf
208 0.000174646 3.70147e-05 2.61908e-05 1.79769e+308 3.2114 inf
209 0.00017119 9.12822e-05 2.61908e-05 1.79769e+308 3.2114 inf
210 0.000173197 0.00040489 2.61908e-05 1.79769e+308 3.2114 inf
211 0.000173771 2.96942e-05 2.61908e-05 1.79769e+308 3.2114 inf
212 0.000177896 3.64023e-05 2.61908e-05 1.79769e+308 3.2114 inf
213 0.000168572 4.54862e-05 2.61908e-05 1.79769e+308 3.2114 inf
214 0.000170331 8.95848e-05 2.61908e-05 1.79769e+308 3.2114 inf
215 0.000171154 0.000398547 2.61908e-05 1.79769e+308 3.2114 inf
216 0.000172417 2.77732e-05 2.61908e-05 1.79769e+308 3.2114 inf
217 0.000170173 0.000373943 2.61908e-05 1.79769e+308 3.2114 inf
218 0.00016773 0.000125673 2.61908e-05 1.79769e+308 3.2114 inf
219 0.000172907 0.000421689 2.61908e-05 1.79769e+308 3.2114 inf
220 0.000169441 8.66249e-05 2.61908e-05 1.79769e+308 3.2114 inf
221 0.00017108 0.000353089 2.61908e-05 1.79769e+308 3.2114 inf
222 0.000171258 5.68492e-05 2.61908e-05 1.79769e+308 3.2114 inf
223 0.000170425 2.76461e-05 2.61908e-05 1.79769e+308 3.2114 inf
224 0.00016694 0.000303477 2.61908e-05 1.79769e+308 3.2114 inf
225 0.000168324 0.000148382 2.61908e-05 1.79769e+308 3.2114 inf
226 0.000168413 8.89982e-05 2.61908e-05 1.79769e+308 3.2114 inf
227 0.000170269 0.000425052 2.61908e-05 1.79769e+308 3.2114 inf
228 0.000168175 0.000467803 2.61908e-05 1.79769e+308 3.2114 inf
229 0.000167518 0.000357416 2.61908e-05 1.79769e+308 3.2114 inf
230 0.000166999 0.00023314 2.61908e-05 1.79769e+308 3.2114 inf
231 0.000166565 0.000401849 2.61908e-05 1.79769e+308 3.2114 inf
232 0.000167992 3.34936e-05 2.61908e-05 1.79769e+308 3.2114 inf
233 0.000166999 2.80681e-05 2.61908e-05 1.79769e+308 3.2114 inf
234 0.000167735 8.98424e-05 2.61908e-05 1.79769e+308 3.2114 inf
235 0.000167378 2.51306e-05 2.61908e-05 1.79769e+308 3.2114 inf
236 0.000167748 4.33167e-05 2.51306e-05 1.79769e+308 3.14573 inf
237 0.000167266 0.000162398 2.51306e-05 1.79769e+308 3.14573 inf
238 0.00016586 2.53295e-05 2.51306e-05 1.79769e+308 3.14573 inf
239 0.000170222 2.42266e-05 2.53295e-05 1.79769e+308 3.15815 inf
240 0.00016214 0.000478724 2.42266e-05 1.79769e+308 3.08864 inf
241 0.000168112 5.6809e-05 2.42266e-05 1.79769e+308 3.08864 inf
242 0.000168005 0.0005849 2.42266e-05 1.79769e+308 3.08864 inf
243 0.000163144 0.000273089 2.42266e-05 1.79769e+308 3.08864 inf
244 0.000167108 4.87089e-05 2.42266e-05 1.79769e+308 3.08864 inf
245 0.000166145 5.61244e-05 2.42266e-05 1.79769e+308 3.08864 inf
246 0.000165753 0.000106787 2.42266e-05 1.79769e+308 3.08864 inf
247 0.000165574 0.000403769 2.42266e-05 1.79769e+308 3.08864 inf
248 0.000163599 8.31928e-05 2.42266e-05 1.79769e+308 3.08864 inf
249 0.000164092 3.35549e-05 2.42266e-05 1.79769e+308 3.08864 inf
250 0.000166146 4.00431e-05 2.42266e-05 1.79769e+308 3.08864 inf
251 0.00016588 2.4293e-05 2.42266e-05 1.79769e+308 3.08864 inf
252 0.000165649 2.39676e-05 2.4293e-05 1.79769e+308 3.09287 inf
253 0.0001669 2.80953e-05 2.39676e-05 1.79769e+308 3.07208 inf
254 0.000167819 0.00205076 2.39676e-05 1.79769e+308 3.07208 inf
255 0.000164026 0.000183594 2.39676e-05 1.79769e+308 3.07208 inf
256 0.00016268 2.6528e-05 2.39676e-05 1.79769e+308 3.07208 inf
257 0.000168416 0.000133422 2.39676e-05 1.79769e+308 3.07208 inf
258 0.000163871 2.39496e-05 2.39676e-05 1.79769e+308 3.07208 inf
259 0.000163112 2.34874e-05 2.39496e-05 1.79769e+308 3.07093 inf
260 0.000166526 0.000223015 2.34874e-05 1.79769e+308 3.04115 inf
261 0.000159559 0.000218203 2.34874e-05 1.79769e+308 3.04115 inf
262 0.000162385 3.31345e-05 2.34874e-05 1.79769e+308 3.04115 inf
263 0.000164346 3.77984e-05 2.34874e-05 1.79769e+308 3.04115 inf
264 0.000161298 2.33455e-05 2.34874e-05 1.79769e+308 3.04115 inf
265 0.000163646 0.000186618 2.33455e-05 1.79769e+308 3.03195 inf
266 0.000162281 0.000134073 2.33455e-05 1.79769e+308 3.03195 inf
267 0.000162231 4.61422e-05 2.33455e-05 1.79769e+308 3.03195 inf
268 0.000163391 4.87626e-05 2.33455e-05 1.79769e+308 3.03195 inf
269 0.000165536 2.65029e-05 2.33455e-05 1.79769e+308 3.03195 inf
270 0.000167308 0.000998552 2.33455e-05 1.79769e+308 3.03195 inf
271 0.000158956 0.000497463 2.33455e-05 1.79769e+308 3.03195 inf
272 0.000160481 0.000138834 2.33455e-05 1.79769e+308 3.03195 inf
273 0.000162285 0.000171385 2.33455e-05 1.79769e+308 3.03195 inf
274 0.000161056 3.20964e-05 2.33455e-05 1.79769e+308 3.03195 inf
275 0.000162874 0.000116578 2.33455e-05 1.79769e+308 3.03195 inf
276 0.000170548 2.64178e-05 2.33455e-05 1.79769e+308 3.03195 inf
277 0.000156104 2.39168e-05 2.33455e-05 1.79769e+308 3.03195 inf
278 0.000163277 4.51618e-05 2.33455e-05 1.79769e+308 3.03195 inf
279 0.000160878 5.41264e-05 2.33455e-05 1.79769e+308 3.03195 inf
280 0.000160176 2.89144e-05 2.33455e-05 1.79769e+308 3.03195 inf
281 0.000159752 9.49722e-05 2.33455e-05 1.79769e+308 3.03195 inf
282 0.000161445 7.28091e-05 2.33455e-05 1.79769e+308 3.03195 inf
283 0.000160987 2.48258e-05 2.33455e-05 1.79769e+308 3.03195 inf
284 0.000159887 0.000100291 2.33455e-05 1.79769e+308 3.03195 inf
285 0.000164841 2.67497e-05 2.33455e-05 1.79769e+308 3.03195 inf
286 0.000155996 3.92554e-05 2.33455e-05 1.79769e+308 3.03195 inf
287 0.000163522 6.96004e-05 2.33455e-05 1.79769e+308 3.03195 inf
288 0.000161344 7.9617e-05 2.33455e-05 1.79769e+308 3.03195 inf
289 0.000157417 0.000645717 2.33455e-05 1.79769e+308 3.03195 inf
290 0.000161438 3.89911e-05 2.33455e-05 1.79769e+308 3.03195 inf
291 0.00015919 2.77771e-05 2.33455e-05 1.79769e+308 3.03195 inf
292 0.000159693 4.75059e-05 2.33455e-05 1.79769e+308 3.03195 inf
293 0.000159112 0.00010216 2.33455e-05 1.79769e+308 3.03195 inf
294 0.000157808 0.00022146 2.33455e-05 1.79769e+308 3.03195 inf
295 0.00015851 3.58606e-05 2.33455e-05 1.79769e+308 3.03195 inf
296 0.000156217 0.000163259 2.33455e-05 1.79769e+308 3.03195 inf
297 0.00015706 7.38334e-05 2.33455e-05 1.79769e+308 3.03195 inf
298 0.000158317 6.20853e-05 2.33455e-05 1.79769e+308 3.03195 inf
299 0.000153823 0.000573272 2.33455e-05 1.79769e+308 3.03195 inf
300 0.00015965 3.33671e-05 2.33455e-05 1.79769e+308 3.03195 inf
301 0.000155671 0.000181141 2.33455e-05 1.79769e+308 3.03195 inf
302 0.000155741 0.000314261 2.33455e-05 1.79769e+308 3.03195 inf
303 0.000155468 8.31746e-05 2.33455e-05 1.79769e+308 3.03195 inf
304 0.00015481 0.00026551 2.33455e-05 1.79769e+308 3.03195 inf
305 0.000152942 0.000428229 2.33455e-05 1.79769e+308 3.03195 inf
306 0.000156678 9.76327e-05 2.33455e-05 1.79769e+308 3.03195 inf
307 0.000152374 0.000116405 2.33455e-05 1.79769e+308 3.03195 inf
308 0.00015526 0.000177643 2.33455e-05 1.79769e+308 3.03195 inf
309 0.000155906 0.00064124 2.33455e-05 1.79769e+308 3.03195 inf
310 0.000153495 2.92008e-05 2.33455e-05 1.79769e+308 3.03195 inf
311 0.000152116 3.15782e-05 2.33455e-05 1.79769e+308 3.03195 inf
312 0.000152659 0.000814839 2.33455e-05 1.79769e+308 3.03195 inf
313 0.000153848 4.70187e-05 2.33455e-05 1.79769e+308 3.03195 inf
314 0.000155063 0.000331897 2.33455e-05 1.79769e+308 3.03195 inf
315 0.00015352 0.000130684 2.33455e-05 1.79769e+308 3.03195 inf
316 0.000150965 7.60562e-05 2.33455e-05 1.79769e+308 3.03195 inf
317 0.000153395 8.66621e-05 2.33455e-05 1.79769e+308 3.03195 inf
318 0.000151014 2.32429e-05 2.33455e-05 1.79769e+308 3.03195 inf
319 0.000151695 3.34636e-05 2.32429e-05 1.79769e+308 3.02528 inf
320 0.00015557 0.000158472 2.32429e-05 1.79769e+308 3.02528 inf
321 0.000147456 4.61164e-05 2.32429e-05 1.79769e+308 3.02528 inf
322 0.000147935 2.293e-05 2.32429e-05 1.79769e+308 3.02528 inf
323 0.000149098 2.25385e-05 2.293e-05 1.79769e+308 3.00485 inf
324 0.000149278 9.06928e-05 2.25385e-05 1.79769e+308 2.97908 inf
325 0.000151755 0.000290335 2.25385e-05 1.79769e+308 2.97908 inf
326 0.000148722 8.62059e-05 2.25385e-05 1.79769e+308 2.97908 inf
327 0.000150449 2.44473e-05 2.25385e-05 1.79769e+308 2.97908 inf
328 0.000147682 2.49006e-05 2.25385e-05 1.79769e+308 2.97908 inf
329 0.000146244 2.78654e-05 2.25385e-05 1.79769e+308 2.97908 inf
330 0.000148813 2.91577e-05 2.25385e-05 1.79769e+308 2.97908 inf
331 0.000147713 2.63667e-05 2.25385e-05 1.79769e+308 2.97908 inf
332 0.000148143 2.98903e-05 2.25385e-05 1.79769e+308 2.97908 inf
333 0.000147221 0.000176533 2.25385e-05 1.79769e+308 2.97908 inf
334 0.000147783 2.33217e-05 2.25385e-05 1.79769e+308 2.97908 inf
335 0.000148058 3.93353e-05 2.25385e-05 1.79769e+308 2.97908 inf
336 0.00014712 0.000190786 2.25385e-05 1.79769e+308 2.97908 inf
337 0.0001468 2.757e-05 2.25385e-05 1.79769e+308 2.97908 inf
338 0.000146094 0.00034658 2.25385e-05 1.79769e+308 2.97908 inf
339 0.00014828 7.80348e-05 2.25385e-05 1.79769e+308 2.97908 inf
340 0.000147212 2.56319e-05 2.25385e-05 1.79769e+308 2.97908 inf
341 0.000149397 9.47916e-05 2.25385e-05 1.79769e+308 2.97908 inf
342 0.000148372 3.68087e-05 2.25385e-05 1.79769e+308 2.97908 inf
343 0.0001455 6.14686e-05 2.25385e-05 1.79769e+308 2.97908 inf
344 0.000144959 4.58947e-05 2.25385e-05 1.79769e+308 2.97908 inf
345 0.000147264 2.49173e-05 2.25385e-05 1.79769e+308 2.97908 inf
346 0.000144758 4.2817e-05 2.25385e-05 1.79769e+308 2.97908 inf
347 0.00014605 3.24172e-05 2.25385e-05 1.79769e+308 2.97908 inf
348 0.000145489 2.68885e-05 2.25385e-05 1.79769e+308 2.97908 inf
349 0.000145035 4.17508e-05 2.25385e-05 1.79769e+308 2.97908 inf
350 0.000143267 0.000182802 2.25385e-05 1.79769e+308 2.97908 inf
351 0.000143632 3.36487e-05 2.25385e-05 1.79769e+308 2.97908 inf
352 0.000143675 6.61243e-05 2.25385e-05 1.79769e+308 2.97908 inf
353 0.000144302 3.39677e-05 2.25385e-05 1.79769e+308 2.97908 inf
354 0.00014294 6.47147e-05 2.25385e-05 1.79769e+308 2.97908 inf
355 0.000140808 5.8006e-05 2.25385e-05 1.79769e+308 2.97908 inf
356 0.000142441 8.95733e-05 2.25385e-05 1.79769e+308 2.97908 inf
357 0.000142951 0.000153414 2.25385e-05 1.79769e+308 2.97908 inf
358 0.000141803 2.85923e-05 2.25385e-05 1.79769e+308 2.97908 inf
359 0.000142386 8.27052e-05 2.25385e-05 1.79769e+308 2.97908 inf
360 0.000143067 2.36806e-05 2.25385e-05 1.79769e+308 2.97908 inf
361 0.000140713 2.34802e-05 2.25385e-05 1.79769e+308 2.97908 inf
362 0.000140559 2.31577e-05 2.25385e-05 1.79769e+308 2.97908 inf
363 0.000140008 0.0004136 2.25385e-05 1.79769e+308 2.97908 inf
364 0.000141994 0.000190506 2.25385e-05 1.79769e+308 2.97908 inf
365 0.000138498 0.000508845 2.25385e-05 1.79769e+308 2.97908 inf
366 0.000141291 2.85021e-05 2.25385e-05 1.79769e+308 2.97908 inf
367 0.000137642 0.000156817 2.25385e-05 1.79769e+308 2.97908 inf
368 0.000139329 5.08212e-05 2.25385e-05 1.79769e+308 2.97908 inf
369 0.000139367 2.35834e-05 2.25385e-05 1.79769e+308 2.97908 inf
370 0.000138044 0.000207417 2.25385e-05 1.79769e+308 2.97908 inf
371 0.000138688 2.44742e-05 2.25385e-05 1.79769e+308 2.97908 inf
372 0.000139523 0.000180745 2.25385e-05 1.79769e+308 2.97908 inf
373 0.000139403 4.6721e-05 2.25385e-05 1.79769e+308 2.97908 inf
374 0.000137998 2.77692e-05 2.25385e-05 1.79769e+308 2.97908 inf
375 0.000139586 2.48963e-05 2.25385e-05 1.79769e+308 2.97908 inf
376 0.000139309 2.77777e-05 2.25385e-05 1.79769e+308 2.97908 inf
377 0.000137031 6.92982e-05 2.25385e-05 1.79769e+308 2.97908 inf
378 0.000139333 0.000161737 2.25385e-05 1.79769e+308 2.97908 inf
379 0.000136787 2.74958e-05 2.25385e-05 1.79769e+308 2.97908 inf
380 0.000137879 2.57071e-05 2.25385e-05 1.79769e+308 2.97908 inf
381 0.000136614 3.00365e-05 2.25385e-05 1.79769e+308 2.97908 inf
382 0.000140872 2.88022e-05 2.25385e-05 1.79769e+308 2.97908 inf
383 0.00013561 6.94377e-05 2.25385e-05 1.79769e+308 2.97908 inf
384 0.000136481 7.64742e-05 2.25385e-05 1.79769e+308 2.97908 inf
385 0.000136453 7.63855e-05 2.25385e-05 1.79769e+308 2.97908 inf
386 0.000137323 4.89626e-05 2.25385e-05 1.79769e+308 2.97908 inf
387 0.000140891 8.28153e-05 2.25385e-05 1.79769e+308 2.97908 inf
388 0.000136683 3.03957e-05 2.25385e-05 1.79769e+308 2.97908 inf
389 0.000137322 7.24257e-05 2.25385e-05 1.79769e+308 2.97908 inf
390 0.000139104 0.000162387 2.25385e-05 1.79769e+308 2.97908 inf
391 0.000135088 2.47751e-05 2.25385e-05 1.79769e+308 2.97908 inf
392 0.000138774 6.886e-05 2.25385e-05 1.79769e+308 2.97908 inf
393 0.000135201 0.000124655 2.25385e-05 1.79769e+308 2.97908 inf
394 0.000137414 2.4807e-05 2.25385e-05 1.79769e+308 2.97908 inf
395 0.000136836 2.57896e-05 2.25385e-05 1.79769e+308 2.97908 inf
396 0.000138021 2.43529e-05 2.25385e-05 1.79769e+308 2.97908 inf
397 0.00014006 4.4102e-05 2.25385e-05 1.79769e+308 2.97908 inf
398 0.00013669 8.11755e-05 2.25385e-05 1.79769e+308 2.97908 inf
399 4.17308e-05 2.2783e-05 2.25385e-05 1.79769e+308 2.97908 inf
400 4.67027e-05 2.44351e-05 2.2783e-05 1.79769e+308 2.9952 inf
401 4.59093e-05 4.46806e-05 2.2783e-05 1.79769e+308 2.9952 inf
402 4.58707e-05 2.01782e-05 2.2783e-05 1.79769e+308 2.9952 inf
403 4.60078e-05 2.0171e-05 2.01782e-05 1.79769e+308 2.81878 inf
404 4.61557e-05 2.65047e-05 2.01782e-05 1.79769e+308 2.81878 inf
405 4.62152e-05 2.59956e-05 2.01782e-05 1.79769e+308 2.81878 inf
406 4.60764e-05 3.39282e-05 2.01782e-05 1.79769e+308 2.81878 inf
407 4.57829e-05 4.96217e-05 2.01782e-05 1.79769e+308 2.81878 inf
408 4.57486e-05 3.78417e-05 2.01782e-05 1.79769e+308 2.81878 inf
409 4.59355e-05 2.04718e-05 2.01782e-05 1.79769e+308 2.81878 inf
410 4.63341e-05 4.20316e-05 2.01782e-05 1.79769e+308 2.81878 inf
411 4.57011e-05 0.000129175 2.01782e-05 1.79769e+308 2.81878 inf
412 4.59299e-05 5.36306e-05 2.01782e-05 1.79769e+308 2.81878 inf
413 4.63509e-05 0.000135893 2.01782e-05 1.79769e+308 2.81878 inf
414 4.5254e-05 5.72754e-05 2.01782e-05 1.79769e+308 2.81878 inf
415 4.55146e-05 2.29712e-05 2.01782e-05 1.79769e+308 2.81878 inf
416 4.58905e-05 3.5219e-05 2.01782e-05 1.79769e+308 2.81878 inf
417 4.57236e-05 8.58417e-05 2.01782e-05 1.79769e+308 2.81878 inf
418 4.62642e-05 3.77763e-05 2.01782e-05 1.79769e+308 2.81878 inf
419 4.57982e-05 2.10948e-05 2.01782e-05 1.79769e+308 2.81878 inf
420 4.57492e-05 3.02803e-05 2.01782e-05 1.79769e+308 2.81878 inf
421 4.58077e-05 8.74826e-05 2.01782e-05 1.79769e+308 2.81878 inf
422 4.53294e-05 2.11041e-05 2.01782e-05 1.79769e+308 2.81878 inf
423 4.54635e-05 0.000214224 2.01782e-05 1.79769e+308 2.81878 inf
424 4.54331e-05 0.000124775 2.01782e-05 1.79769e+308 2.81878 inf
425 4.56696e-05 8.25861e-05 2.01782e-05 1.79769e+308 2.81878 inf
426 4.54935e-05 3.65735e-05 2.01782e-05 1.79769e+308 2.81878 inf
427 4.54543e-05 7.46004e-05 2.01782e-05 1.79769e+308 2.81878 inf
428 4.55003e-05 0.000150889 2.01782e-05 1.79769e+308 2.81878 inf
429 4.53369e-05 2.10717e-05 2.01782e-05 1.79769e+308 2.81878 inf
430 4.59744e-05 2.53251e-05 2.01782e-05 1.79769e+308 2.81878 inf
431 4.47527e-05 9.86955e-05 2.01782e-05 1.79769e+308 2.81878 inf
432 4.55639e-05 2.4423e-05 2.01782e-05 1.79769e+308 2.81878 inf
433 4.53538e-05 2.79411e-05 2.01782e-05 1.79769e+308 2.81878 inf
434 4.51459e-05 3.8547e-05 2.01782e-05 1.79769e+308 2.81878 inf
435 4.55267e-05 9.0388e-05 2.01782e-05 1.79769e+308 2.81878 inf
436 4.53236e-05 2.32082e-05 2.01782e-05 1.79769e+308 2.81878 inf
437 4.60181e-05 0.000104085 2.01782e-05 1.79769e+308 2.81878 inf
438 4.52177e-05 2.02895e-05 2.01782e-05 1.79769e+308 2.81878 inf
439 4.51759e-05 2.1505e-05 2.01782e-05 1.79769e+308 2.81878 inf
440 4.59558e-05 1.99493e-05 2.01782e-05 1.79769e+308 2.81878 inf
441 4.47465e-05 3.86693e-05 1.99493e-05 1.79769e+308 2.80275 inf
442 4.49609e-05 2.85762e-05 1.99493e-05 1.79769e+308 2.80275 inf
443 4.55294e-05 0.000115365 1.99493e-05 1.79769e+308 2.80275 inf
444 4.50718e-05 3.35387e-05 1.99493e-05 1.79769e+308 2.80275 inf
445 4.52468e-05 1.97332e-05 1.99493e-05 1.79769e+308 2.80275 inf
446 4.53305e-05 8.76015e-05 1.97332e-05 1.79769e+308 2.78752 inf
447 4.57247e-05 2.47792e-05 1.97332e-05 1.79769e+308 2.78752 inf
448 4.45127e-05 5.48045e-05 1.97332e-05 1.79769e+308 2.78752 inf
449 4.53318e-05 5.51234e-05 1.97332e-05 1.79769e+308 2.78752 inf
450 4.52904e-05 7.03881e-05 1.97332e-05 1.79769e+308 2.78752 inf
451 4.51579e-05 2.58673e-05 1.97332e-05 1.79769e+308 2.78752 inf
452 4.56262e-05 7.85181e-05 1.97332e-05 1.79769e+308 2.78752 inf
453 4.48867e-05 2.89278e-05 1.97332e-05 1.79769e+308 2.78752 inf
454 4.51575e-05 4.90759e-05 1.97332e-05 1.79769e+308 2.78752 inf
455 4.52571e-05 8.76962e-05 1.97332e-05 1.79769e+308 2.78752 inf
456 4.53629e-05 0.000177431 1.97332e-05 1.79769e+308 2.78752 inf
457 4.47233e-05 4.08516e-05 1.97332e-05 1.79769e+308 2.78752 inf
458 4.49768e-05 0.000465491 1.97332e-05 1.79769e+308 2.78752 inf
459 4.53378e-05 2.0284e-05 1.97332e-05 1.79769e+308 2.78752 inf
460 4.5375e-05 2.01432e-05 1.97332e-05 1.79769e+308 2.78752 inf
461 4.51264e-05 2.49799e-05 1.97332e-05 1.79769e+308 2.78752 inf
462 4.46285e-05 2.40277e-05 1.97332e-05 1.79769e+308 2.78752 inf
463 4.53259e-05 2.56181e-05 1.97332e-05 1.79769e+308 2.78752 inf
464 4.51323e-05 8.33027e-05 1.97332e-05 1.79769e+308 2.78752 inf
465 4.56172e-05 3.96635e-05 1.97332e-05 1.79769e+308 2.78752 inf
466 4.47979e-05 1.99319e-05 1.97332e-05 1.79769e+308 2.78752 inf
467 4.5026e-05 2.3647e-05 1.97332e-05 1.79769e+308 2.78752 inf
468 4.503e-05 4.33013e-05 1.97332e-05 1.79769e+308 2.78752 inf
469 4.51484e-05 0.000102834 1.97332e-05 1.79769e+308 2.78752 inf
470 4.55005e-05 4.12243e-05 1.97332e-05 1.79769e+308 2.78752 inf
471 4.58072e-05 2.49796e-05 1.97332e-05 1.79769e+308 2.78752 inf
472 4.45929e-05 7.76819e-05 1.97332e-05 1.79769e+308 2.78752 inf
473 4.49032e-05 2.02688e-05 1.97332e-05 1.79769e+308 2.78752 inf
474 4.52739e-05 1.91599e-05 1.97332e-05 1.79769e+308 2.78752 inf
475 4.49574e-05 2.07906e-05 1.91599e-05 1.79769e+308 2.74673 inf
476 4.48435e-05 2.10677e-05 1.91599e-05 1.79769e+308 2.74673 inf
477 4.52242e-05 2.04935e-05 1.91599e-05 1.79769e+308 2.74673 inf
478 4.49792e-05 0.000118842 1.91599e-05 1.79769e+308 2.74673 inf
479 4.49621e-05 7.158e-05 1.91599e-05 1.79769e+308 2.74673 inf
480 4.48261e-05 2.35149e-05 1.91599e-05 1.79769e+308 2.74673 inf
481 4.49543e-05 2.30611e-05 1.91599e-05 1.79769e+308 2.74673 inf
482 4.47692e-05 3.63388e-05 1.91599e-05 1.79769e+308 2.74673 inf
483 4.51562e-05 3.1213e-05 1.91599e-05 1.79769e+308 2.74673 inf
484 4.43073e-05 2.51253e-05 1.91599e-05 1.79769e+308 2.74673 inf
485 4.51946e-05 2.15034e-05 1.91599e-05 1.79769e+308 2.74673 inf
486 4.48049e-05 2.16582e-05 1.91599e-05 1.79769e+308 2.74673 inf
487 4.48769e-05 0.000564874 1.91599e-05 1.79769e+308 2.74673 inf
488 4.47683e-05 3.20104e-05 1.91599e-05 1.79769e+308 2.74673 inf
489 4.51671e-05 2.09418e-05 1.91599e-05 1.79769e+308 2.74673 inf
490 4.46462e-05 1.91787e-05 1.91599e-05 1.79769e+308 2.74673 inf
491 4.51932e-05 2.77177e-05 1.91787e-05 1.79769e+308 2.74809 inf
492 4.52253e-05 0.000208539 1.91787e-05 1.79769e+308 2.74809 inf
493 4.44059e-05 3.75435e-05 1.91787e-05 1.79769e+308 2.74809 inf
494 4.46946e-05 1.93171e-05 1.91787e-05 1.79769e+308 2.74809 inf
495 4.55863e-05 3.0475e-05 1.91787e-05 1.79769e+308 2.74809 inf
496 4.51827e-05 1.94626e-05 1.91787e-05 1.79769e+308 2.74809 inf
497 4.46543e-05 7.23492e-05 1.91787e-05 1.79769e+308 2.74809 inf
498 4.49172e-05 3.24118e-05 1.91787e-05 1.79769e+308 2.74809 inf
499 4.50126e-05 5.99469e-05 1.91787e-05 1.79769e+308 2.74809 inf
500 4.46671e-05 2.0655e-05 1.91787e-05 1.79769e+308 2.74809 inf
501 4.48674e-05 2.2349e-05 1.91787e-05 1.79769e+308 2.74809 inf
502 4.53241e-05 0.000167157 1.91787e-05 1.79769e+308 2.74809 inf
503 4.47532e-05 4.73471e-05 1.91787e-05 1.79769e+308 2.74809 inf
504 4.59066e-05 1.98093e-05 1.91787e-05 1.79769e+308 2.74809 inf
505 4.4041e-05 2.08502e-05 1.91787e-05 1.79769e+308 2.74809 inf
506 4.45543e-05 0.000175523 1.91787e-05 1.79769e+308 2.74809 inf
507 4.46874e-05 2.88935e-05 1.91787e-05 1.79769e+308 2.74809 inf
508 4.44655e-05 3.36727e-05 1.91787e-05 1.79769e+308 2.74809 inf
509 4.46314e-05 9.87099e-05 1.91787e-05 1.79769e+308 2.74809 inf
510 4.50619e-05 2.32587e-05 1.91787e-05 1.79769e+308 2.74809 inf
511 4.43703e-05 1.99928e-05 1.91787e-05 1.79769e+308 2.74809 inf
512 4.47078e-05 4.89223e-05 1.91787e-05 1.79769e+308 2.74809 inf
513 4.50275e-05 1.95001e-05 1.91787e-05 1.79769e+308 2.74809 inf
514 4.43372e-05 2.37892e-05 1.91787e-05 1.79769e+308 2.74809 inf
515 4.47666e-05 2.66731e-05 1.91787e-05 1.79769e+308 2.74809 inf
516 4.50083e-05 6.30296e-05 1.91787e-05 1.79769e+308 2.74809 inf
517 4.4077e-05 0.000244971 1.91787e-05 1.79769e+308 2.74809 inf
518 4.48642e-05 2.11321e-05 1.91787e-05 1.79769e+308 2.74809 inf
519 4.441e-05 3.24808e-05 1.91787e-05 1.79769e+308 2.74809 inf
520 4.49246e-05 2.05651e-05 1.91787e-05 1.79769e+308 2.74809 inf
521 4.49088e-05 4.14236e-05 1.91787e-05 1.79769e+308 2.74809 inf
522 4.42642e-05 2.30559e-05 1.91787e-05 1.79769e+308 2.74809 inf
523 4.49676e-05 2.31745e-05 1.91787e-05 1.79769e+308 2.74809 inf
524 4.49768e-05 2.18728e-05 1.91787e-05 1.79769e+308 2.74809 inf
525 4.46765e-05 3.69801e-05 1.91787e-05 1.79769e+308 2.74809 inf
526 4.3956e-05 2.04478e-05 1.91787e-05 1.79769e+308 2.74809 inf
527 4.45603e-05 1.94883e-05 1.91787e-05 1.79769e+308 2.74809 inf
528 4.47759e-05 4.79706e-05 1.91787e-05 1.79769e+308 2.74809 inf
529 4.43984e-05 3.06837e-05 1.91787e-05 1.79769e+308 2.74809 inf
530 4.49685e-05 5.36753e-05 1.91787e-05 1.79769e+308 2.74809 inf
531 4.40843e-05 2.96948e-05 1.91787e-05 1.79769e+308 2.74809 inf
532 4.52151e-05 2.71752e-05 1.91787e-05 1.79769e+308 2.74809 inf
533 4.491e-05 1.93793e-05 1.91787e-05 1.79769e+308 2.74809 inf
534 4.41773e-05 2.87661e-05 1.91787e-05 1.79769e+308 2.74809 inf
535 4.46559e-05 4.5959e-05 1.91787e-05 1.79769e+308 2.74809 inf
536 4.42937e-05 2.11565e-05 1.91787e-05 1.79769e+308 2.74809 inf
537 4.47917e-05 7.87346e-05 1.91787e-05 1.79769e+308 2.74809 inf
538 4.43258e-05 5.14496e-05 1.91787e-05 1.79769e+308 2.74809 inf
539 4.44961e-05 3.0269e-05 1.91787e-05 1.79769e+308 2.74809 inf
540 4.45821e-05 2.73679e-05 1.91787e-05 1.79769e+308 2.74809 inf
541 4.46752e-05 4.05706e-05 1.91787e-05 1.79769e+308 2.74809 inf
542 4.45608e-05 2.31127e-05 1.91787e-05 1.79769e+308 2.74809 inf
543 4.43353e-05 0.000139139 1.91787e-05 1.79769e+308 2.74809 inf
544 4.50151e-05 1.95212e-05 1.91787e-05 1.79769e+308 2.74809 inf
545 4.41017e-05 2.64898e-05 1.91787e-05 1.79769e+308 2.74809 inf
546 4.43314e-05 5.11837e-05 1.91787e-05 1.79769e+308 2.74809 inf
547 4.4582e-05 2.02907e-05 1.91787e-05 1.79769e+308 2.74809 inf
548 4.42563e-05 2.16356e-05 1.91787e-05 1.79769e+308 2.74809 inf
549 4.43076e-05 6.17141e-05 1.91787e-05 1.79769e+308 2.74809 inf
550 4.43359e-05 2.5939e-05 1.91787e-05 1.79769e+308 2.74809 inf
551 4.43825e-05 1.99887e-05 1.91787e-05 1.79769e+308 2.74809 inf
552 4.47189e-05 1.96808e-05 1.91787e-05 1.79769e+308 2.74809 inf
553 4.41873e-05 5.3447e-05 1.91787e-05 1.79769e+308 2.74809 inf
554 4.45616e-05 4.12562e-05 1.91787e-05 1.79769e+308 2.74809 inf
555 4.44225e-05 2.82153e-05 1.91787e-05 1.79769e+308 2.74809 inf
556 4.46391e-05 3.6906e-05 1.91787e-05 1.79769e+308 2.74809 inf
557 4.43908e-05 2.50438e-05 1.91787e-05 1.79769e+308 2.74809 inf
558 4.45915e-05 6.66252e-05 1.91787e-05 1.79769e+308 2.74809 inf
559 4.42031e-05 0.000234067 1.91787e-05 1.79769e+308 2.74809 inf
560 4.44052e-05 9.28346e-05 1.91787e-05 1.79769e+308 2.74809 inf
561 4.44706e-05 3.34973e-05 1.91787e-05 1.79769e+308 2.74809 inf
562 4.47819e-05 2.27086e-05 1.91787e-05 1.79769e+308 2.74809 inf
563 4.44596e-05 2.9853e-05 1.91787e-05 1.79769e+308 2.74809 inf
564 4.39056e-05 2.5161e-05 1.91787e-05 1.79769e+308 2.74809 inf
565 4.43597e-05 5.68503e-05 1.91787e-05 1.79769e+308 2.74809 inf
566 2.02788e-05 2.31006e-05 1.91787e-05 1.79769e+308 2.74809 inf
567 2.14022e-05 2.20835e-05 1.91787e-05 1.79769e+308 2.74809 inf
568 2.13109e-05 1.84376e-05 1.91787e-05 1.79769e+308 2.74809 inf
569 2.14587e-05 2.21917e-05 1.84376e-05 1.79769e+308 2.69446 inf
570 2.13148e-05 2.71989e-05 1.84376e-05 1.79769e+308 2.69446 inf
571 2.10549e-05 2.77859e-05 1.84376e-05 1.79769e+308 2.69446 inf
572 2.13851e-05 1.88221e-05 1.84376e-05 1.79769e+308 2.69446 inf
573 2.12796e-05 3.42443e-05 1.84376e-05 1.79769e+308 2.69446 inf
574 2.13471e-05 2.20723e-05 1.84376e-05 1.79769e+308 2.69446 inf
575 2.13502e-05 3.08786e-05 1.84376e-05 1.79769e+308 2.69446 inf
576 2.13964e-05 1.91748e-05 1.84376e-05 1.79769e+308 2.69446 inf
577 2.13097e-05 1.93337e-05 1.84376e-05 1.79769e+308 2.69446 inf
578 2.12574e-05 2.00005e-05 1.84376e-05 1.79769e+308 2.69446 inf
579 2.12347e-05 2.04328e-05 1.84376e-05 1.79769e+308 2.69446 inf
580 2.12258e-05 3.3118e-05 1.84376e-05 1.79769e+308 2.69446 inf
581 2.10522e-05 1.97498e-05 1.84376e-05 1.79769e+308 2.69446 inf
582 2.12155e-05 1.88797e-05 1.84376e-05 1.79769e+308 2.69446 inf
583 2.12738e-05 1.90232e-05 1.84376e-05 1.79769e+308 2.69446 inf
584 2.1235e-05 1.96854e-05 1.84376e-05 1.79769e+308 2.69446 inf
585 2.10593e-05 1.881e-05 1.84376e-05 1.79769e+308 2.69446 inf
586 2.1267e-05 1.88219e-05 1.84376e-05 1.79769e+308 2.69446 inf
587 2.12288e-05 1.85537e-05 1.84376e-05 1.79769e+308 2.69446 inf
588 2.11856e-05 1.86566e-05 1.84376e-05 1.79769e+308 2.69446 inf
589 2.11164e-05 1.987e-05 1.84376e-05 1.79769e+308 2.69446 inf
590 2.13824e-05 2.46788e-05 1.84376e-05 1.79769e+308 2.69446 inf
591 2.12937e-05 3.17691e-05 1.84376e-05 1.79769e+308 2.69446 inf
592 2.11485e-05 1.91523e-05 1.84376e-05 1.79769e+308 2.69446 inf
593 2.0973e-05 1.84307e-05 1.84376e-05 1.79769e+308 2.69446 inf
594 2.11912e-05 1.90869e-05 1.84307e-05 1.79769e+308 2.69396 inf
595 2.10996e-05 1.85023e-05 1.84307e-05 1.79769e+308 2.69396 inf
596 2.10809e-05 3.38083e-05 1.84307e-05 1.79769e+308 2.69396 inf
597 2.12591e-05 1.81367e-05 1.84307e-05 1.79769e+308 2.69396 inf
598 2.12869e-05 1.87229e-05 1.81367e-05 1.79769e+308 2.67239 inf
599 2.0998e-05 2.87368e-05 1.81367e-05 1.79769e+308 2.67239 inf
600 2.11635e-05 2.11475e-05 1.81367e-05 1.79769e+308 2.67239 inf
601 2.12161e-05 1.87333e-05 1.81367e-05 1.79769e+308 2.67239 inf
602 2.09876e-05 2.93037e-05 1.81367e-05 1.79769e+308 2.67239 inf
603 2.11667e-05 2.309e-05 1.81367e-05 1.79769e+308 2.67239 inf
604 2.09017e-05 2.54926e-05 1.81367e-05 1.79769e+308 2.67239 inf
605 2.11504e-05 1.84751e-05 1.81367e-05 1.79769e+308 2.67239 inf
606 2.09447e-05 1.87407e-05 1.81367e-05 1.79769e+308 2.67239 inf
607 2.10848e-05 2.65166e-05 1.81367e-05 1.79769e+308 2.67239 inf
608 2.11445e-05 2.0036e-05 1.81367e-05 1.79769e+308 2.67239 inf
609 2.09971e-05 2.5784e-05 1.81367e-05 1.79769e+308 2.67239 inf
610 2.12341e-05 1.838e-05 1.81367e-05 1.79769e+308 2.67239 inf
611 2.10799e-05 2.31371e-05 1.81367e-05 1.79769e+308 2.67239 inf
612 2.10734e-05 2.91858e-05 1.81367e-05 1.79769e+308 2.67239 inf
613 2.10385e-05 4.56441e-05 1.81367e-05 1.79769e+308 2.67239 inf
614 2.10189e-05 1.8508e-05 1.81367e-05 1.79769e+308 2.67239 inf
615 2.08745e-05 3.92914e-05 1.81367e-05 1.79769e+308 2.67239 inf
616 2.10305e-05 2.12838e-05 1.81367e-05 1.79769e+308 2.67239 inf
617 2.10336e-05 1.86964e-05 1.81367e-05 1.79769e+308 2.67239 inf
618 2.1123e-05 2.92509e-05 1.81367e-05 1.79769e+308 2.67239 inf
619 2.10141e-05 1.82273e-05 1.81367e-05 1.79769e+308 2.67239 inf
620 2.12573e-05 1.88574e-05 1.81367e-05 1.79769e+308 2.67239 inf
621 2.09534e-05 6.5324e-05 1.81367e-05 1.79769e+308 2.67239 inf
622 2.11554e-05 2.92506e-05 1.81367e-05 1.79769e+308 2.67239 inf
623 2.10635e-05 5.54389e-05 1.81367e-05 1.79769e+308 2.67239 inf
624 2.09199e-05 2.35193e-05 1.81367e-05 1.79769e+308 2.67239 inf
625 2.10085e-05 4.61747e-05 1.81367e-05 1.79769e+308 2.67239 inf
626 2.09842e-05 2.01626e-05 1.81367e-05 1.79769e+308 2.67239 inf
627 2.08622e-05 3.43585e-05 1.81367e-05 1.79769e+308 2.67239 inf
628 2.08651e-05 3.92227e-05 1.81367e-05 1.79769e+308 2.67239 inf
629 2.09716e-05 3.1637e-05 1.81367e-05 1.79769e+308 2.67239 inf
630 2.09858e-05 2.23938e-05 1.81367e-05 1.79769e+308 2.67239 inf
631 2.10021e-05 2.13101e-05 1.81367e-05 1.79769e+308 2.67239 inf
632 2.09167e-05 2.18737e-05 1.81367e-05 1.79769e+308 2.67239 inf
633 2.10419e-05 1.93449e-05 1.81367e-05 1.79769e+308 2.67239 inf
634 2.08689e-05 2.62296e-05 1.81367e-05 1.79769e+308 2.67239 inf
635 2.07239e-05 3.12979e-05 1.81367e-05 1.79769e+308 2.67239 inf
636 2.10277e-05 3.08281e-05 1.81367e-05 1.79769e+308 2.67239 inf
637 2.11433e-05 1.87447e-05 1.81367e-05 1.79769e+308 2.67239 inf
638 2.08521e-05 1.84949e-05 1.81367e-05 1.79769e+308 2.67239 inf
639 2.08246e-05 1.94641e-05 1.81367e-05 1.79769e+308 2.67239 inf
640 2.09333e-05 1.82864e-05 1.81367e-05 1.79769e+308 2.67239 inf
641 2.08835e-05 2.25357e-05 1.81367e-05 1.79769e+308 2.67239 inf
642 2.08676e-05 3.66558e-05 1.81367e-05 1.79769e+308 2.67239 inf
643 2.09013e-05 5.0322e-05 1.81367e-05 1.79769e+308 2.67239 inf
644 2.08729e-05 1.8402e-05 1.81367e-05 1.79769e+308 2.67239 inf
645 2.08495e-05 1.88653e-05 1.81367e-05 1.79769e+308 2.67239 inf
646 2.10281e-05 3.43912e-05 1.81367e-05 1.79769e+308 2.67239 inf
647 2.0887e-05 1.86431e-05 1.81367e-05 1.79769e+308 2.67239 inf
648 2.08204e-05 3.54429e-05 1.81367e-05 1.79769e+308 2.67239 inf
649 2.08693e-05 2.89224e-05 1.81367e-05 1.79769e+308 2.67239 inf
650 2.08336e-05 3.72006e-05 1.81367e-05 1.79769e+308 2.67239 inf
651 2.09775e-05 2.13204e-05 1.81367e-05 1.79769e+308 2.67239 inf
652 2.08003e-05 1.87503e-05 1.81367e-05 1.79769e+308 2.67239 inf
653 2.08425e-05 2.72466e-05 1.81367e-05 1.79769e+308 2.67239 inf
654 2.08305e-05 3.20634e-05 1.81367e-05 1.79769e+308 2.67239 inf
655 2.09174e-05 2.38148e-05 1.81367e-05 1.79769e+308 2.67239 inf
656 2.08687e-05 1.82436e-05 1.81367e-05 1.79769e+308 2.67239 inf
657 2.08382e-05 2.50472e-05 1.81367e-05 1.79769e+308 2.67239 inf
658 2.09668e-05 1.80917e-05 1.81367e-05 1.79769e+308 2.67239 inf
659 2.09752e-05 2.07699e-05 1.80917e-05 1.79769e+308 2.66907 inf
660 2.07639e-05 3.42655e-05 1.80917e-05 1.79769e+308 2.66907 inf
661 2.07876e-05 2.3574e-05 1.80917e-05 1.79769e+308 2.66907 inf
662 2.08303e-05 2.66851e-05 1.80917e-05 1.79769e+308 2.66907 inf
663 2.07365e-05 6.53441e-05 1.80917e-05 1.79769e+308 2.66907 inf
664 2.07089e-05 2.34367e-05 1.80917e-05 1.79769e+308 2.66907 inf
665 2.08727e-05 2.08737e-05 1.80917e-05 1.79769e+308 2.66907 inf
666 2.08875e-05 2.37635e-05 1.80917e-05 1.79769e+308 2.66907 inf
667 2.07149e-05 2.05297e-05 1.80917e-05 1.79769e+308 2.66907 inf
668 2.07027e-05 1.89658e-05 1.80917e-05 1.79769e+308 2.66907 inf
669 2.0815e-05 1.79667e-05 1.80917e-05 1.79769e+308 2.66907 inf
670 2.07798e-05 3.36694e-05 1.79667e-05 1.79769e+308 2.65983 inf
671 2.07763e-05 2.17916e-05 1.79667e-05 1.79769e+308 2.65983 inf
672 2.07678e-05 1.87034e-05 1.79667e-05 1.79769e+308 2.65983 inf
673 2.09527e-05 2.20792e-05 1.79667e-05 1.79769e+308 2.65983 inf
674 2.07632e-05 1.79522e-05 1.79667e-05 1.79769e+308 2.65983 inf
675 2.08687e-05 3.78451e-05 1.79522e-05 1.79769e+308 2.65876 inf
676 2.07517e-05 2.63244e-05 1.79522e-05 1.79769e+308 2.65876 inf
677 2.0731e-05 4.67399e-05 1.79522e-05 1.79769e+308 2.65876 inf
678 2.0875e-05 2.2466e-05 1.79522e-05 1.79769e+308 2.65876 inf
679 2.07569e-05 2.88684e-05 1.79522e-05 1.79769e+308 2.65876 inf
680 2.08138e-05 2.20751e-05 1.79522e-05 1.79769e+308 2.65876 inf
681 2.0771e-05 1.83332e-05 1.79522e-05 1.79769e+308 2.65876 inf
682 2.07275e-05 4.66328e-05 1.79522e-05 1.79769e+308 2.65876 inf
683 2.08889e-05 2.3497e-05 1.79522e-05 1.79769e+308 2.65876 inf
684 2.06459e-05 3.44489e-05 1.79522e-05 1.79769e+308 2.65876 inf
685 2.07355e-05 1.97625e-05 1.79522e-05 1.79769e+308 2.65876 inf
686 2.06687e-05 2.48066e-05 1.79522e-05 1.79769e+308 2.65876 inf
687 2.07795e-05 2.12888e-05 1.79522e-05 1.79769e+308 2.65876 inf
688 2.06521e-05 1.91648e-05 1.79522e-05 1.79769e+308 2.65876 inf
689 2.0606e-05 2.05732e-05 1.79522e-05 1.79769e+308 2.65876 inf
690 2.0734e-05 1.89022e-05 1.79522e-05 1.79769e+308 2.65876 inf
691 2.0777e-05 2.69883e-05 1.79522e-05 1.79769e+308 2.65876 inf
692 2.0645e-05 1.95019e-05 1.79522e-05 1.79769e+308 2.65876 inf
693 2.08358e-05 5.44314e-05 1.79522e-05 1.79769e+308 2.65876 inf
694 2.06861e-05 1.95117e-05 1.79522e-05 1.79769e+308 2.65876 inf
695 2.06066e-05 2.61476e-05 1.79522e-05 1.79769e+308 2.65876 inf
696 2.07017e-05 3.95469e-05 1.79522e-05 1.79769e+308 2.65876 inf
697 2.0605e-05 1.82606e-05 1.79522e-05 1.79769e+308 2.65876 inf
698 2.05896e-05 1.89282e-05 1.79522e-05 1.79769e+308 2.65876 inf
699 2.07319e-05 6.48562e-05 1.79522e-05 1.79769e+308 2.65876 inf
700 2.06353e-05 1.90931e-05 1.79522e-05 1.79769e+308 2.65876 inf
701 2.08018e-05 1.87768e-05 1.79522e-05 1.79769e+308 2.65876 inf
702 2.05397e-05 1.98646e-05 1.79522e-05 1.79769e+308 2.65876 inf
703 2.06383e-05 2.10472e-05 1.79522e-05 1.79769e+308 2.65876 inf
704 2.06718e-05 2.00746e-05 1.79522e-05 1.79769e+308 2.65876 inf
705 2.05782e-05 8.35213e-05 1.79522e-05 1.79769e+308 2.65876 inf
706 2.07022e-05 2.67098e-05 1.79522e-05 1.79769e+308 2.65876 inf
707 2.04919e-05 1.87046e-05 1.79522e-05 1.79769e+308 2.65876 inf
708 2.06653e-05 2.71258e-05 1.79522e-05 1.79769e+308 2.65876 inf
709 2.06757e-05 1.92531e-05 1.79522e-05 1.79769e+308 2.65876 inf
710 2.06182e-05 3.04066e-05 1.79522e-05 1.79769e+308 2.65876 inf
711 2.05172e-05 3.40546e-05 1.79522e-05 1.79769e+308 2.65876 inf
712 2.0623e-05 2.86605e-05 1.79522e-05 1.79769e+308 2.65876 inf
713 2.07067e-05 1.91769e-05 1.79522e-05 1.79769e+308 2.65876 inf
714 2.0788e-05 1.97934e-05 1.79522e-05 1.79769e+308 2.65876 inf
715 2.06224e-05 2.30312e-05 1.79522e-05 1.79769e+308 2.65876 inf
716 2.05902e-05 2.59704e-05 1.79522e-05 1.79769e+308 2.65876 inf
717 2.05231e-05 2.01423e-05 1.79522e-05 1.79769e+308 2.65876 inf
718 2.05817e-05 2.09467e-05 1.79522e-05 1.79769e+308 2.65876 inf
719 2.05654e-05 3.87398e-05 1.79522e-05 1.79769e+308 2.65876 inf
720 2.05422e-05 1.85489e-05 1.79522e-05 1.79769e+308 2.65876 inf
721 2.04712e-05 1.93242e-05 1.79522e-05 1.79769e+308 2.65876 inf
722 2.06774e-05 2.49071e-05 1.79522e-05 1.79769e+308 2.65876 inf
723 2.05033e-05 1.88046e-05 1.79522e-05 1.79769e+308 2.65876 inf
724 2.05263e-05 3.0341e-05 1.79522e-05 1.79769e+308 2.65876 inf
725 2.04759e-05 1.96685e-05 1.79522e-05 1.79769e+308 2.65876 inf
726 2.06724e-05 2.45079e-05 1.79522e-05 1.79769e+308 2.65876 inf
727 2.05163e-05 1.81087e-05 1.79522e-05 1.79769e+308 2.65876 inf
728 2.051e-05 2.23264e-05 1.79522e-05 1.79769e+308 2.65876 inf
729 2.05891e-05 2.53669e-05 1.79522e-05 1.79769e+308 2.65876 inf
730 2.05381e-05 1.94957e-05 1.79522e-05 1.79769e+308 2.65876 inf
731 2.05729e-05 1.94147e-05 1.79522e-05 1.79769e+308 2.65876 inf
732 2.06725e-05 2.34892e-05 1.79522e-05 1.79769e+308 2.65876 inf
733 2.04986e-05 4.3435e-05 1.79522e-05 1.79769e+308 2.65876 inf
734 2.04236e-05 1.80501e-05 1.79522e-05 1.79769e+308 2.65876 inf
735 2.08295e-05 5.38504e-05 1.79522e-05 1.79769e+308 2.65876 inf
736 2.05773e-05 1.89274e-05 1.79522e-05 1.79769e+308 2.65876 inf
737 2.056e-05 1.82698e-05 1.79522e-05 1.79769e+308 2.65876 inf
738 2.04149e-05 2.71518e-05 1.79522e-05 1.79769e+308 2.65876 inf
739 2.05039e-05 1.77521e-05 1.79522e-05 1.79769e+308 2.65876 inf
740 2.03714e-05 3.0282e-05 1.77521e-05 1.79769e+308 2.6439 inf
741 2.05204e-05 2.9381e-05 1.77521e-05 1.79769e+308 2.6439 inf
742 2.05298e-05 1.79561e-05 1.77521e-05 1.79769e+308 2.6439 inf
743 2.04824e-05 2.46513e-05 1.77521e-05 1.79769e+308 2.6439 inf
744 2.05031e-05 2.34465e-05 1.77521e-05 1.79769e+308 2.6439 inf
745 2.04152e-05 1.8207e-05 1.77521e-05 1.79769e+308 2.6439 inf
746 2.04524e-05 2.14697e-05 1.77521e-05 1.79769e+308 2.6439 inf
747 2.04428e-05 4.84715e-05 1.77521e-05 1.79769e+308 2.6439 inf
748 2.04489e-05 2.00053e-05 1.77521e-05 1.79769e+308 2.6439 inf
749 2.04135e-05 2.2692e-05 1.77521e-05 1.79769e+308 2.6439 inf
750 2.05014e-05 3.15477e-05 1.77521e-05 1.79769e+308 2.6439 inf
751 2.05184e-05 1.83594e-05 1.77521e-05 1.79769e+308 2.6439 inf
752 2.05267e-05 3.13115e-05 1.77521e-05 1.79769e+308 2.6439 inf
753 2.03928e-05 2.62679e-05 1.77521e-05 1.79769e+308 2.6439 inf
754 2.06787e-05 2.56507e-05 1.77521e-05 1.79769e+308 2.6439 inf
755 2.04192e-05 1.85112e-05 1.77521e-05 1.79769e+308 2.6439 inf
756 2.05643e-05 1.90054e-05 1.77521e-05 1.79769e+308 2.6439 inf
757 2.04816e-05 1.79824e-05 1.77521e-05 1.79769e+308 2.6439 inf
758 2.04597e-05 1.8238e-05 1.77521e-05 1.79769e+308 2.6439 inf
759 2.0446e-05 1.82678e-05 1.77521e-05 1.79769e+308 2.6439 inf
760 2.0465e-05 2.92127e-05 1.77521e-05 1.79769e+308 2.6439 inf
761 2.065e-05 1.8521e-05 1.77521e-05 1.79769e+308 2.6439 inf
762 2.03591e-05 1.8945e-05 1.77521e-05 1.79769e+308 2.6439 inf
763 2.0492e-05 2.10354e-05 1.77521e-05 1.79769e+308 2.6439 inf
764 2.03687e-05 2.03198e-05 1.77521e-05 1.79769e+308 2.6439 inf
765 2.03969e-05 2.08175e-05 1.77521e-05 1.79769e+308 2.6439 inf
766 2.03891e-05 3.752e-05 1.77521e-05 1.79769e+308 2.6439 inf
767 2.04473e-05 3.16109e-05 1.77521e-05 1.79769e+308 2.6439 inf
768 2.05054e-05 2.13931e-05 1.77521e-05 1.79769e+308 2.6439 inf
769 2.03506e-05 1.88598e-05 1.77521e-05 1.79769e+308 2.6439 inf
770 2.03876e-05 2.22332e-05 1.77521e-05 1.79769e+308 2.6439 inf
771 2.04662e-05 2.19839e-05 1.77521e-05 1.79769e+308 2.6439 inf
772 2.04243e-05 2.00622e-05 1.77521e-05 1.79769e+308 2.6439 inf
773 2.03671e-05 1.81086e-05 1.77521e-05 1.79769e+308 2.6439 inf
774 2.03012e-05 1.9414e-05 1.77521e-05 1.79769e+308 2.6439 inf
775 2.04897e-05 2.41833e-05 1.77521e-05 1.79769e+308 2.6439 inf
776 2.01701e-05 2.01706e-05 1.77521e-05 1.79769e+308 2.6439 inf
777 2.04027e-05 1.80034e-05 1.77521e-05 1.79769e+308 2.6439 inf
778 2.03981e-05 2.49993e-05 1.77521e-05 1.79769e+308 2.6439 inf
779 2.02618e-05 4.31661e-05 1.77521e-05 1.79769e+308 2.6439 inf
780 2.05472e-05 1.77256e-05 1.77521e-05 1.79769e+308 2.6439 inf
781 2.03441e-05 2.23318e-05 1.77521e-05 1.79769e+308 2.6439 inf
782 2.04827e-05 1.76516e-05 1.77521e-05 1.79769e+308 2.6439 inf
783 2.0217e-05 2.48489e-05 1.76516e-05 1.79769e+308 2.6364 inf
784 2.05294e-05 2.08409e-05 1.76516e-05 1.79769e+308 2.6364 inf
785 2.02972e-05 3.29525e-05 1.76516e-05 1.79769e+308 2.6364 inf
786 2.0337e-05 3.00132e-05 1.76516e-05 1.79769e+308 2.6364 inf
787 2.03284e-05 2.14088e-05 1.76516e-05 1.79769e+308 2.6364 inf
788 2.03557e-05 1.97322e-05 1.76516e-05 1.79769e+308 2.6364 inf
789 2.037e-05 1.82993e-05 1.76516e-05 1.79769e+308 2.6364 inf
790 2.0554e-05 2.4114e-05 1.76516e-05 1.79769e+308 2.6364 inf
791 2.02794e-05 1.76126e-05 1.76516e-05 1.79769e+308 2.6364 inf
792 2.04188e-05 2.20951e-05 1.76126e-05 1.79769e+308 2.63349 inf
793 2.03662e-05 1.89652e-05 1.76126e-05 1.79769e+308 2.63349 inf
794 2.02889e-05 1.80971e-05 1.76126e-05 1.79769e+308 2.63349 inf
795 2.0446e-05 1.87281e-05 1.76126e-05 1.79769e+308 2.63349 inf
796 2.02732e-05 1.83711e-05 1.76126e-05 1.79769e+308 2.63349 inf
797 2.03279e-05 1.79416e-05 1.76126e-05 1.79769e+308 2.63349 inf
798 2.03235e-05 2.49124e-05 1.76126e-05 1.79769e+308 2.63349 inf
799 2.03059e-05 1.8983e-05 1.76126e-05 1.79769e+308 2.63349 inf
800 2.03339e-05 2.08473e-05 1.76126e-05 1.79769e+308 2.63349 inf
801 2.02122e-05 1.91071e-05 1.76126e-05 1.79769e+308 2.63349 inf
802 2.03586e-05 2.04828e-05 1.76126e-05 1.79769e+308 2.63349 inf
803 2.03482e-05 2.57007e-05 1.76126e-05 1.79769e+308 2.63349 inf
804 2.03795e-05 2.44352e-05 1.76126e-05 1.79769e+308 2.63349 inf
805 2.03545e-05 2.66268e-05 1.76126e-05 1.79769e+308 2.63349 inf
806 2.02875e-05 5.13543e-05 1.76126e-05 1.79769e+308 2.63349 inf
807 2.02913e-05 2.0015e-05 1.76126e-05 1.79769e+308 2.63349 inf
808 2.02476e-05 1.81852e-05 1.76126e-05 1.79769e+308 2.63349 inf
809 2.0324e-05 1.82653e-05 1.76126e-05 1.79769e+308 2.63349 inf
810 2.01823e-05 2.38413e-05 1.76126e-05 1.79769e+308 2.63349 inf
811 2.04021e-05 1.88846e-05 1.76126e-05 1.79769e+308 2.63349 inf
812 2.00593e-05 1.81125e-05 1.76126e-05 1.79769e+308 2.63349 inf
813 2.03499e-05 1.80304e-05 1.76126e-05 1.79769e+308 2.63349 inf
814 2.0349e-05 2.23664e-05 1.76126e-05 1.79769e+308 2.63349 inf
815 2.0265e-05 4.85784e-05 1.76126e-05 1.79769e+308 2.63349 inf
816 2.03413e-05 1.78443e-05 1.76126e-05 1.79769e+308 2.63349 inf
817 2.03227e-05 1.84725e-05 1.76126e-05 1.79769e+308 2.63349 inf
818 2.04062e-05 3.32986e-05 1.76126e-05 1.79769e+308 2.63349 inf
819 2.00525e-05 1.98382e-05 1.76126e-05 1.79769e+308 2.63349 inf
820 2.037e-05 6.1396e-05 1.76126e-05 1.79769e+308 2.63349 inf
821 2.02102e-05 7.18851e-05 1.76126e-05 1.79769e+308 2.63349 inf
822 2.02737e-05 2.86519e-05 1.76126e-05 1.79769e+308 2.63349 inf
823 2.02751e-05 2.52784e-05 1.76126e-05 1.79769e+308 2.63349 inf
824 2.01386e-05 2.13121e-05 1.76126e-05 1.79769e+308 2.63349 inf
825 2.04863e-05 1.89658e-05 1.76126e-05 1.79769e+308 2.63349 inf
826 2.02709e-05 1.85948e-05 1.76126e-05 1.79769e+308 2.63349 inf
827 2.03513e-05 1.81117e-05 1.76126e-05 1.79769e+308 2.63349 inf
828 2.03143e-05 4.92919e-05 1.76126e-05 1.79769e+308 2.63349 inf
829 2.01153e-05 4.34e-05 1.76126e-05 1.79769e+308 2.63349 inf
830 2.0314e-05 1.8612e-05 1.76126e-05 1.79769e+308 2.63349 inf
831 2.01785e-05 1.91752e-05 1.76126e-05 1.79769e+308 2.63349 inf
832 2.02928e-05 2.74733e-05 1.76126e-05 1.79769e+308 2.63349 inf
833 2.02593e-05 2.49523e-05 1.76126e-05 1.79769e+308 2.63349 inf
834 2.01562e-05 2.12568e-05 1.76126e-05 1.79769e+308 2.63349 inf
835 2.02959e-05 2.58317e-05 1.76126e-05 1.79769e+308 2.63349 inf
836 2.01449e-05 1.89226e-05 1.76126e-05 1.79769e+308 2.63349 inf
837 2.01941e-05 1.84013e-05 1.76126e-05 1.79769e+308 2.63349 inf
838 2.02999e-05 5.13241e-05 1.76126e-05 1.79769e+308 2.63349 inf
839 2.00568e-05 2.31615e-05 1.76126e-05 1.79769e+308 2.63349 inf
840 2.02362e-05 2.32176e-05 1.76126e-05 1.79769e+308 2.63349 inf
841 2.01347e-05 1.78656e-05 1.76126e-05 1.79769e+308 2.63349 inf
842 2.02366e-05 1.85281e-05 1.76126e-05 1.79769e+308 2.63349 inf
843 2.01729e-05 1.90993e-05 1.76126e-05 1.79769e+308 2.63349 inf
844 2.01354e-05 2.09542e-05 1.76126e-05 1.79769e+308 2.63349 inf
845 2.03226e-05 2.90488e-05 1.76126e-05 1.79769e+308 2.63349 inf
846 2.00534e-05 2.47729e-05 1.76126e-05 1.79769e+308 2.63349 inf
847 2.01627e-05 3.6803e-05 1.76126e-05 1.79769e+308 2.63349 inf
848 2.01776e-05 1.89738e-05 1.76126e-05 1.79769e+308 2.63349 inf
849 2.01105e-05 1.84685e-05 1.76126e-05 1.79769e+308 2.63349 inf
850 2.00919e-05 3.39539e-05 1.76126e-05 1.79769e+308 2.63349 inf
851 2.02442e-05 2.18502e-05 1.76126e-05 1.79769e+308 2.63349 inf
852 2.02287e-05 1.8247e-05 1.76126e-05 1.79769e+308 2.63349 inf
853 2.01496e-05 1.79463e-05 1.76126e-05 1.79769e+308 2.63349 inf
854 2.02638e-05 1.86691e-05 1.76126e-05 1.79769e+308 2.63349 inf
855 2.01743e-05 1.77368e-05 1.76126e-05 1.79769e+308 2.63349 inf
856 2.01874e-05 3.53591e-05 1.76126e-05 1.79769e+308 2.63349 inf
857 2.00352e-05 1.8087e-05 1.76126e-05 1.79769e+308 2.63349 inf
858 2.01257e-05 1.874e-05 1.76126e-05 1.79769e+308 2.63349 inf
859 2.01305e-05 7.99742e-05 1.76126e-05 1.79769e+308 2.63349 inf
860 2.03323e-05 2.59022e-05 1.76126e-05 1.79769e+308 2.63349 inf
861 2.00271e-05 3.38672e-05 1.76126e-05 1.79769e+308 2.63349 inf
862 2.01147e-05 2.08391e-05 1.76126e-05 1.79769e+308 2.63349 inf
863 2.00302e-05 2.06155e-05 1.76126e-05 1.79769e+308 2.63349 inf
864 2.02388e-05 1.80102e-05 1.76126e-05 1.79769e+308 2.63349 inf
865 2.01558e-05 7.30489e-05 1.76126e-05 1.79769e+308 2.63349 inf
866 2.0163e-05 3.74936e-05 1.76126e-05 1.79769e+308 2.63349 inf
867 1.36183e-05 1.81953e-05 1.76126e-05 1.79769e+308 2.63349 inf
868 1.39146e-05 1.77244e-05 1.76126e-05 1.79769e+308 2.63349 inf
869 1.38424e-05 1.9714e-05 1.76126e-05 1.79769e+308 2.63349 inf
870 1.38599e-05 2.04846e-05 1.76126e-05 1.79769e+308 2.63349 inf
871 1.38698e-05 1.74111e-05 1.76126e-05 1.79769e+308 2.63349 inf
872 1.39697e-05 1.98387e-05 1.74111e-05 1.79769e+308 2.61839 inf
873 1.38177e-05 1.77887e-05 1.74111e-05 1.79769e+308 2.61839 inf
874 1.39592e-05 2.142e-05 1.74111e-05 1.79769e+308 2.61839 inf
875 1.39009e-05 1.9513e-05 1.74111e-05 1.79769e+308 2.61839 inf
876 1.38298e-05 1.8474e-05 1.74111e-05 1.79769e+308 2.61839 inf
877 1.39358e-05 1.74627e-05 1.74111e-05 1.79769e+308 2.61839 inf
878 1.38612e-05 1.82571e-05 1.74111e-05 1.79769e+308 2.61839 inf
879 1.39251e-05 1.95762e-05 1.74111e-05 1.79769e+308 2.61839 inf
880 1.38777e-05 1.84075e-05 1.74111e-05 1.79769e+308 2.61839 inf
881 1.39501e-05 1.81762e-05 1.74111e-05 1.79769e+308 2.61839 inf
882 1.38268e-05 2.39553e-05 1.74111e-05 1.79769e+308 2.61839 inf
883 1.39335e-05 1.97887e-05 1.74111e-05 1.79769e+308 2.61839 inf
884 1.37601e-05 1.75631e-05 1.74111e-05 1.79769e+308 2.61839 inf
885 1.39333e-05 2.32735e-05 1.74111e-05 1.79769e+308 2.61839 inf
886 1.38547e-05 1.75874e-05 1.74111e-05 1.79769e+308 2.61839 inf
887 1.38995e-05 3.19554e-05 1.74111e-05 1.79769e+308 2.61839 inf
888 1.3784e-05 2.15091e-05 1.74111e-05 1.79769e+308 2.61839 inf
889 1.38389e-05 1.7683e-05 1.74111e-05 1.79769e+308 2.61839 inf
890 1.38923e-05 2.37691e-05 1.74111e-05 1.79769e+308 2.61839 inf
891 1.37864e-05 1.79455e-05 1.74111e-05 1.79769e+308 2.61839 inf
892 1.3823e-05 2.61417e-05 1.74111e-05 1.79769e+308 2.61839 inf
893 1.38383e-05 1.83575e-05 1.74111e-05 1.79769e+308 2.61839 inf
894 1.3737e-05 2.54175e-05 1.74111e-05 1.79769e+308 2.61839 inf
895 1.39496e-05 1.74582e-05 1.74111e-05 1.79769e+308 2.61839 inf
896 1.38639e-05 1.94119e-05 1.74111e-05 1.79769e+308 2.61839 inf
897 1.37993e-05 1.76358e-05 1.74111e-05 1.79769e+308 2.61839 inf
898 1.37507e-05 1.99559e-05 1.74111e-05 1.79769e+308 2.61839 inf
899 1.38944e-05 2.26596e-05 1.74111e-05 1.79769e+308 2.61839 inf
900 1.37915e-05 2.17029e-05 1.74111e-05 1.79769e+308 2.61839 inf
901 1.38239e-05 1.816e-05 1.74111e-05 1.79769e+308 2.61839 inf
902 1.3838e-05 1.93211e-05 1.74111e-05 1.79769e+308 2.61839 inf
903 1.38198e-05 1.76471e-05 1.74111e-05 1.79769e+308 2.61839 inf
904 1.38251e-05 1.92428e-05 1.74111e-05 1.79769e+308 2.61839 inf
905 1.38027e-05 1.76125e-05 1.74111e-05 1.79769e+308 2.61839 inf
906 1.38657e-05 2.40149e-05 1.74111e-05 1.79769e+308 2.61839 inf
907 1.38077e-05 2.1131e-05 1.74111e-05 1.79769e+308 2.61839 inf
908 1.38116e-05 1.93362e-05 1.74111e-05 1.79769e+308 2.61839 inf
909 1.38128e-05 1.82107e-05 1.74111e-05 1.79769e+308 2.61839 inf
910 1.37826e-05 1.87033e-05 1.74111e-05 1.79769e+308 2.61839 inf
911 1.38517e-05 1.79933e-05 1.74111e-05 1.79769e+308 2.61839 inf
912 1.38102e-05 1.99395e-05 1.74111e-05 1.79769e+308 2.61839 inf
913 1.37792e-05 1.86741e-05 1.74111e-05 1.79769e+308 2.61839 inf
914 1.37845e-05 2.29471e-05 1.74111e-05 1.79769e+308 2.61839 inf
915 1.37176e-05 1.89066e-05 1.74111e-05 1.79769e+308 2.61839 inf
916 1.37537e-05 1.77138e-05 1.74111e-05 1.79769e+308 2.61839 inf
917 1.37648e-05 1.82192e-05 1.74111e-05 1.79769e+308 2.61839 inf
918 1.37976e-05 1.81277e-05 1.74111e-05 1.79769e+308 2.61839 inf
919 1.38123e-05 1.96206e-05 1.74111e-05 1.79769e+308 2.61839 inf
920 1.377e-05 2.03126e-05 1.74111e-05 1.79769e+308 2.61839 inf
921 1.37265e-05 2.14871e-05 1.74111e-05 1.79769e+308 2.61839 inf
922 1.38131e-05 1.74269e-05 1.74111e-05 1.79769e+308 2.61839 inf
923 1.37443e-05 1.83218e-05 1.74111e-05 1.79769e+308 2.61839 inf
924 1.37689e-05 1.91413e-05 1.74111e-05 1.79769e+308 2.61839 inf
925 1.37539e-05 1.81465e-05 1.74111e-05 1.79769e+308 2.61839 inf
926 1.37829e-05 1.90965e-05 1.74111e-05 1.79769e+308 2.61839 inf
927 1.37773e-05 1.90366e-05 1.74111e-05 1.79769e+308 2.61839 inf
928 1.37637e-05 1.77406e-05 1.74111e-05 1.79769e+308 2.61839 inf
929 1.38007e-05 1.79187e-05 1.74111e-05 1.79769e+308 2.61839 inf
930 1.38009e-05 2.02898e-05 1.74111e-05 1.79769e+308 2.61839 inf
931 1.37192e-05 1.94218e-05 1.74111e-05 1.79769e+308 2.61839 inf
932 1.37956e-05 1.96348e-05 1.74111e-05 1.79769e+308 2.61839 inf
933 1.37302e-05 1.95599e-05 1.74111e-05 1.79769e+308 2.61839 inf
934 1.3784e-05 1.76537e-05 1.74111e-05 1.79769e+308 2.61839 inf
935 1.36625e-05 3.2395e-05 1.74111e-05 1.79769e+308 2.61839 inf
936 1.37334e-05 1.82438e-05 1.74111e-05 1.79769e+308 2.61839 inf
937 1.37319e-05 1.75026e-05 1.74111e-05 1.79769e+308 2.61839 inf
938 1.36855e-05 1.96519e-05 1.74111e-05 1.79769e+308 2.61839 inf
939 1.37229e-05 1.76672e-05 1.74111e-05 1.79769e+308 2.61839 inf
940 1.37804e-05 1.76019e-05 1.74111e-05 1.79769e+308 2.61839 inf
941 1.38034e-05 1.77026e-05 1.74111e-05 1.79769e+308 2.61839 inf
942 1.36263e-05 1.88812e-05 1.74111e-05 1.79769e+308 2.61839 inf
943 1.36929e-05 1.76644e-05 1.74111e-05 1.79769e+308 2.61839 inf
944 1.36852e-05 2.0312e-05 1.74111e-05 1.79769e+308 2.61839 inf
945 1.36745e-05 2.43326e-05 1.74111e-05 1.79769e+308 2.61839 inf
946 1.367e-05 2.1162e-05 1.74111e-05 1.79769e+308 2.61839 inf
947 1.17218e-05 2.18528e-05 1.74111e-05 1.79769e+308 2.61839 inf
948 1.1822e-05 1.79852e-05 1.74111e-05 1.79769e+308 2.61839 inf
949 1.17786e-05 1.84529e-05 1.74111e-05 1.79769e+308 2.61839 inf
950 1.17975e-05 1.75465e-05 1.74111e-05 1.79769e+308 2.61839 inf
951 1.18008e-05 1.73269e-05 1.74111e-05 1.79769e+308 2.61839 inf
952 1.17832e-05 1.83211e-05 1.73269e-05 1.79769e+308 2.61204 inf
953 1.17487e-05 1.71445e-05 1.73269e-05 1.79769e+308 2.61204 inf
954 1.17593e-05 1.88733e-05 1.71445e-05 1.79769e+308 2.59826 inf
955 1.17606e-05 1.82934e-05 1.71445e-05 1.79769e+308 2.59826 inf
956 1.17801e-05 1.76792e-05 1.71445e-05 1.79769e+308 2.59826 inf
957 1.17489e-05 1.88076e-05 1.71445e-05 1.79769e+308 2.59826 inf
958 1.17578e-05 1.87352e-05 1.71445e-05 1.79769e+308 2.59826 inf
959 1.17887e-05 1.77441e-05 1.71445e-05 1.79769e+308 2.59826 inf
960 1.17417e-05 1.73244e-05 1.71445e-05 1.79769e+308 2.59826 inf
961 1.17426e-05 1.77127e-05 1.71445e-05 1.79769e+308 2.59826 inf
962 1.17937e-05 1.75445e-05 1.71445e-05 1.79769e+308 2.59826 inf
963 1.17364e-05 1.75211e-05 1.71445e-05 1.79769e+308 2.59826 inf
964 1.17885e-05 1.84322e-05 1.71445e-05 1.79769e+308 2.59826 inf
965 1.17392e-05 1.81531e-05 1.71445e-05 1.79769e+308 2.59826 inf
966 1.17487e-05 1.74999e-05 1.71445e-05 1.79769e+308 2.59826 inf
967 1.17376e-05 1.9301e-05 1.71445e-05 1.79769e+308 2.59826 inf
968 1.17486e-05 1.73562e-05 1.71445e-05 1.79769e+308 2.59826 inf
969 1.17337e-05 1.9188e-05 1.71445e-05 1.79769e+308 2.59826 inf
970 1.17771e-05 1.9056e-05 1.71445e-05 1.79769e+308 2.59826 inf
971 1.17143e-05 1.72139e-05 1.71445e-05 1.79769e+308 2.59826 inf
972 1.17503e-05 1.88621e-05 1.71445e-05 1.79769e+308 2.59826 inf
973 1.17249e-05 1.7372e-05 1.71445e-05 1.79769e+308 2.59826 inf
974 1.17764e-05 1.76547e-05 1.71445e-05 1.79769e+308 2.59826 inf
975 1.17214e-05 1.76442e-05 1.71445e-05 1.79769e+308 2.59826 inf
976 1.17517e-05 1.7331e-05 1.71445e-05 1.79769e+308 2.59826 inf
977 1.17153e-05 1.72866e-05 1.71445e-05 1.79769e+308 2.59826 inf
978 1.17482e-05 1.75494e-05 1.71445e-05 1.79769e+308 2.59826 inf
979 1.17062e-05 1.75476e-05 1.71445e-05 1.79769e+308 2.59826 inf
980 1.17423e-05 1.8672e-05 1.71445e-05 1.79769e+308 2.59826 inf
981 1.1652e-05 1.77259e-05 1.71445e-05 1.79769e+308 2.59826 inf
982 1.17205e-05 1.72634e-05 1.71445e-05 1.79769e+308 2.59826 inf
983 1.16858e-05 1.76689e-05 1.71445e-05 1.79769e+308 2.59826 inf
984 1.17394e-05 1.84113e-05 1.71445e-05 1.79769e+308 2.59826 inf
985 1.17446e-05 1.83054e-05 1.71445e-05 1.79769e+308 2.59826 inf
986 1.17084e-05 1.95959e-05 1.71445e-05 1.79769e+308 2.59826 inf
987 1.16474e-05 1.77533e-05 1.71445e-05 1.79769e+308 2.59826 inf
988 1.17412e-05 1.74292e-05 1.71445e-05 1.79769e+308 2.59826 inf
989 1.17679e-05 1.76598e-05 1.71445e-05 1.79769e+308 2.59826 inf
990 1.17e-05 1.78396e-05 1.71445e-05 1.79769e+308 2.59826 inf
991 1.17071e-05 1.74554e-05 1.71445e-05 1.79769e+308 2.59826 inf
992 1.17667e-05 1.7385e-05 1.71445e-05 1.79769e+308 2.59826 inf
993 1.17143e-05 1.82968e-05 1.71445e-05 1.79769e+308 2.59826 inf
994 1.1707e-05 1.83068e-05 1.71445e-05 1.79769e+308 2.59826 inf
995 1.16882e-05 1.94729e-05 1.71445e-05 1.79769e+308 2.59826 inf
996 1.17251e-05 1.84667e-05 1.71445e-05 1.79769e+308 2.59826 inf
997 1.17218e-05 1.72789e-05 1.71445e-05 1.79769e+308 2.59826 inf
998 1.17248e-05 2.01327e-05 1.71445e-05 1.79769e+308 2.59826 inf
999 1.16805e-05 1.84636e-05 1.71445e-05 1.79769e+308 2.59826 inf
1000 1.17204e-05 1.99814e-05 1.71445e-05 1.79769e+308 2.59826 inf
1001 1.16897e-05 1.73109e-05 1.71445e-05 1.79769e+308 2.59826 inf
1002 1.17004e-05 1.73842e-05 1.71445e-05 1.79769e+308 2.59826 inf
1003 1.16949e-05 1.75863e-05 1.71445e-05 1.79769e+308 2.59826 inf
1004 1.17119e-05 1.85705e-05 1.71445e-05 1.79769e+308 2.59826 inf
1005 1.1677e-05 1.76186e-05 1.71445e-05 1.79769e+308 2.59826 inf
1006 1.16824e-05 1.73351e-05 1.71445e-05 1.79769e+308 2.59826 inf
1007 1.17204e-05 1.91818e-05 1.71445e-05 1.79769e+308 2.59826 inf
1008 1.16921e-05 1.76877e-05 1.71445e-05 1.79769e+308 2.59826 inf
1009 1.17211e-05 1.73084e-05 1.71445e-05 1.79769e+308 2.59826 inf
1010 1.16936e-05 1.83624e-05 1.71445e-05 1.79769e+308 2.59826 inf
1011 1.1679e-05 1.97469e-05 1.71445e-05 1.79769e+308 2.59826 inf
1012 1.17052e-05 1.84107e-05 1.71445e-05 1.79769e+308 2.59826 inf
1013 1.16998e-05 1.88337e-05 1.71445e-05 1.79769e+308 2.59826 inf
1014 1.16741e-05 1.73045e-05 1.71445e-05 1.79769e+308 2.59826 inf
1015 1.17298e-05 1.78226e-05 1.71445e-05 1.79769e+308 2.59826 inf
1016 1.16876e-05 2.03947e-05 1.71445e-05 1.79769e+308 2.59826 inf
1017 1.16926e-05 1.80721e-05 1.71445e-05 1.79769e+308 2.59826 inf
1018 1.16934e-05 1.73149e-05 1.71445e-05 1.79769e+308 2.59826 inf
1019 1.16885e-05 1.75278e-05 1.71445e-05 1.79769e+308 2.59826 inf
1020 1.169e-05 1.72839e-05 1.71445e-05 1.79769e+308 2.59826 inf
1021 1.16702e-05 1.72655e-05 1.71445e-05 1.79769e+308 2.59826 inf
1022 1.16633e-05 1.90539e-05 1.71445e-05 1.79769e+308 2.59826 inf
1023 1.16684e-05 1.75842e-05 1.71445e-05 1.79769e+308 2.59826 inf
1024 1.1691e-05 1.79417e-05 1.71445e-05 1.79769e+308 2.59826 inf
1025 1.16694e-05 1.79335e-05 1.71445e-05 1.79769e+308 2.59826 inf
1026 1.1705e-05 1.79815e-05 1.71445e-05 1.79769e+308 2.59826 inf
1027 1.16229e-05 1.90595e-05 1.71445e-05 1.79769e+308 2.59826 inf
1028 1.16616e-05 1.75666e-05 1.71445e-05 1.79769e+308 2.59826 inf
1029 1.08821e-05 1.7904e-05 1.71445e-05 1.79769e+308 2.59826 inf
1030 1.09243e-05 1.71455e-05 1.71445e-05 1.79769e+308 2.59826 inf
1031 1.09138e-05 1.72201e-05 1.71445e-05 1.79769e+308 2.59826 inf
1032 1.09238e-05 1.71818e-05 1.71445e-05 1.79769e+308 2.59826 inf
1033 1.09133e-05 1.72046e-05 1.71445e-05 1.79769e+308 2.59826 inf
1034 1.09043e-05 1.72641e-05 1.71445e-05 1.79769e+308 2.59826 inf
1035 1.09215e-05 1.7119e-05 1.71445e-05 1.79769e+308 2.59826 inf
1036 1.09107e-05 1.72136e-05 1.7119e-05 1.79769e+308 2.59633 inf
1037 1.08909e-05 1.72151e-05 1.7119e-05 1.79769e+308 2.59633 inf
1038 1.09032e-05 1.71417e-05 1.7119e-05 1.79769e+308 2.59633 inf
1039 1.09341e-05 1.76258e-05 1.7119e-05 1.79769e+308 2.59633 inf
1040 1.09403e-05 1.8668e-05 1.7119e-05 1.79769e+308 2.59633 inf
1041 1.0901e-05 1.89851e-05 1.7119e-05 1.79769e+308 2.59633 inf
1042 1.09123e-05 1.71819e-05 1.7119e-05 1.79769e+308 2.59633 inf
1043 1.09125e-05 1.83417e-05 1.7119e-05 1.79769e+308 2.59633 inf
1044 1.08994e-05 1.72132e-05 1.7119e-05 1.79769e+308 2.59633 inf
1045 1.09305e-05 1.83884e-05 1.7119e-05 1.79769e+308 2.59633 inf
1046 1.09203e-05 1.78895e-05 1.7119e-05 1.79769e+308 2.59633 inf
1047 1.09056e-05 1.73923e-05 1.7119e-05 1.79769e+308 2.59633 inf
1048 1.08974e-05 1.73783e-05 1.7119e-05 1.79769e+308 2.59633 inf
1049 1.09116e-05 1.72274e-05 1.7119e-05 1.79769e+308 2.59633 inf
1050 1.09067e-05 1.73945e-05 1.7119e-05 1.79769e+308 2.59633 inf
1051 1.09031e-05 1.73618e-05 1.7119e-05 1.79769e+308 2.59633 inf
1052 1.0905e-05 1.75867e-05 1.7119e-05 1.79769e+308 2.59633 inf
1053 1.08986e-05 1.73569e-05 1.7119e-05 1.79769e+308 2.59633 inf
1054 1.09098e-05 1.77525e-05 1.7119e-05 1.79769e+308 2.59633 inf
1055 1.08954e-05 1.77191e-05 1.7119e-05 1.79769e+308 2.59633 inf
1056 1.09023e-05 1.7993e-05 1.7119e-05 1.79769e+308 2.59633 inf
1057 1.08958e-05 1.72411e-05 1.7119e-05 1.79769e+308 2.59633 inf
1058 1.09082e-05 1.83739e-05 1.7119e-05 1.79769e+308 2.59633 inf
1059 1.09018e-05 1.74113e-05 1.7119e-05 1.79769e+308 2.59633 inf
1060 1.08826e-05 1.71098e-05 1.7119e-05 1.79769e+308 2.59633 inf
1061 1.08805e-05 1.80788e-05 1.71098e-05 1.79769e+308 2.59563 inf
1062 1.08902e-05 1.88985e-05 1.71098e-05 1.79769e+308 2.59563 inf
1063 1.08814e-05 1.72389e-05 1.71098e-05 1.79769e+308 2.59563 inf
1064 1.08824e-05 1.72967e-05 1.71098e-05 1.79769e+308 2.59563 inf
1065 1.09048e-05 1.83515e-05 1.71098e-05 1.79769e+308 2.59563 inf
1066 1.09165e-05 1.7121e-05 1.71098e-05 1.79769e+308 2.59563 inf
1067 1.08869e-05 1.95453e-05 1.71098e-05 1.79769e+308 2.59563 inf
1068 1.08861e-05 1.72918e-05 1.71098e-05 1.79769e+308 2.59563 inf
1069 1.08768e-05 1.74822e-05 1.71098e-05 1.79769e+308 2.59563 inf
1070 1.08738e-05 1.72102e-05 1.71098e-05 1.79769e+308 2.59563 inf
1071 1.08841e-05 1.7443e-05 1.71098e-05 1.79769e+308 2.59563 inf
1072 1.09085e-05 1.73422e-05 1.71098e-05 1.79769e+308 2.59563 inf
1073 1.0901e-05 1.72407e-05 1.71098e-05 1.79769e+308 2.59563 inf
1074 1.08825e-05 1.78764e-05 1.71098e-05 1.79769e+308 2.59563 inf
1075 1.09099e-05 1.81598e-05 1.71098e-05 1.79769e+308 2.59563 inf
1076 1.08692e-05 1.80599e-05 1.71098e-05 1.79769e+308 2.59563 inf
1077 1.09012e-05 1.72972e-05 1.71098e-05 1.79769e+308 2.59563 inf
1078 1.09041e-05 1.82057e-05 1.71098e-05 1.79769e+308 2.59563 inf
1079 1.08897e-05 1.75169e-05 1.71098e-05 1.79769e+308 2.59563 inf
1080 1.09039e-05 1.77505e-05 1.71098e-05 1.79769e+308 2.59563 inf
1081 1.08979e-05 1.72667e-05 1.71098e-05 1.79769e+308 2.59563 inf
1082 1.08886e-05 1.70899e-05 1.71098e-05 1.79769e+308 2.59563 inf
1083 1.08728e-05 1.71465e-05 1.70899e-05 1.79769e+308 2.59412 inf
1084 1.08803e-05 1.76107e-05 1.70899e-05 1.79769e+308 2.59412 inf
1085 1.08931e-05 1.71561e-05 1.70899e-05 1.79769e+308 2.59412 inf
1086 1.0878e-05 1.70586e-05 1.70899e-05 1.79769e+308 2.59412 inf
1087 1.08641e-05 1.73386e-05 1.70586e-05 1.79769e+308 2.59174 inf
1088 1.08566e-05 1.85886e-05 1.70586e-05 1.79769e+308 2.59174 inf
1089 1.08593e-05 1.7435e-05 1.70586e-05 1.79769e+308 2.59174 inf
1090 1.08637e-05 1.7147e-05 1.70586e-05 1.79769e+308 2.59174 inf
1091 1.08984e-05 1.77438e-05 1.70586e-05 1.79769e+308 2.59174 inf
1092 1.08609e-05 1.73457e-05 1.70586e-05 1.79769e+308 2.59174 inf
1093 1.08736e-05 1.76482e-05 1.70586e-05 1.79769e+308 2.59174 inf
1094 1.08739e-05 1.78417e-05 1.70586e-05 1.79769e+308 2.59174 inf
1095 1.08773e-05 1.91673e-05 1.70586e-05 1.79769e+308 2.59174 inf
1096 1.0871e-05 1.71667e-05 1.70586e-05 1.79769e+308 2.59174 inf
1097 1.08473e-05 2.04954e-05 1.70586e-05 1.79769e+308 2.59174 inf
1098 1.08872e-05 1.71738e-05 1.70586e-05 1.79769e+308 2.59174 inf
1099 1.08763e-05 1.81198e-05 1.70586e-05 1.79769e+308 2.59174 inf
1100 1.08593e-05 1.71209e-05 1.70586e-05 1.79769e+308 2.59174 inf
1101 1.08518e-05 1.76286e-05 1.70586e-05 1.79769e+308 2.59174 inf
1102 1.08721e-05 1.7379e-05 1.70586e-05 1.79769e+308 2.59174 inf
1103 1.08569e-05 1.70395e-05 1.70586e-05 1.79769e+308 2.59174 inf
1104 1.09025e-05 1.77591e-05 1.70395e-05 1.79769e+308 2.59029 inf
1105 1.08388e-05 1.74848e-05 1.70395e-05 1.79769e+308 2.59029 inf
1106 1.08682e-05 1.76987e-05 1.70395e-05 1.79769e+308 2.59029 inf
1107 1.08909e-05 1.79138e-05 1.70395e-05 1.79769e+308 2.59029 inf
1108 1.08731e-05 1.75433e-05 1.70395e-05 1.79769e+308 2.59029 inf
1109 1.08627e-05 1.76755e-05 1.70395e-05 1.79769e+308 2.59029 inf
1110 1.08577e-05 1.75971e-05 1.70395e-05 1.79769e+308 2.59029 inf
1111 1.08478e-05 1.74285e-05 1.70395e-05 1.79769e+308 2.59029 inf
1112 1.08512e-05 1.77772e-05 1.70395e-05 1.79769e+308 2.59029 inf
1113 1.08463e-05 1.71117e-05 1.70395e-05 1.79769e+308 2.59029 inf
1114 1.08632e-05 1.74933e-05 1.70395e-05 1.79769e+308 2.59029 inf
1115 1.08496e-05 1.71335e-05 1.70395e-05 1.79769e+308 2.59029 inf
1116 1.08522e-05 1.84569e-05 1.70395e-05 1.79769e+308 2.59029 inf
1117 1.08465e-05 1.71735e-05 1.70395e-05 1.79769e+308 2.59029 inf
1118 1.08541e-05 1.70564e-05 1.70395e-05 1.79769e+308 2.59029 inf
1119 1.08574e-05 1.75175e-05 1.70395e-05 1.79769e+308 2.59029 inf
1120 1.08539e-05 1.7357e-05 1.70395e-05 1.79769e+308 2.59029 inf
1121 1.08612e-05 1.89941e-05 1.70395e-05 1.79769e+308 2.59029 inf
1122 1.08811e-05 1.72895e-05 1.70395e-05 1.79769e+308 2.59029 inf
1123 1.08791e-05 1.77101e-05 1.70395e-05 1.79769e+308 2.59029 inf
1124 1.08411e-05 1.72586e-05 1.70395e-05 1.79769e+308 2.59029 inf
1125 1.08687e-05 1.8106e-05 1.70395e-05 1.79769e+308 2.59029 inf
1126 1.08427e-05 1.72604e-05 1.70395e-05 1.79769e+308 2.59029 inf
1127 1.08629e-05 1.72009e-05 1.70395e-05 1.79769e+308 2.59029 inf
1128 1.08469e-05 1.70981e-05 1.70395e-05 1.79769e+308 2.59029 inf
1129 1.08371e-05 1.77959e-05 1.70395e-05 1.79769e+308 2.59029 inf
1130 1.08464e-05 1.74845e-05 1.70395e-05 1.79769e+308 2.59029 inf
1131 1.08739e-05 1.71013e-05 1.70395e-05 1.79769e+308 2.59029 inf
1132 1.08592e-05 1.71855e-05 1.70395e-05 1.79769e+308 2.59029 inf
1133 1.08379e-05 1.79943e-05 1.70395e-05 1.79769e+308 2.59029 inf
1134 1.0838e-05 1.73578e-05 1.70395e-05 1.79769e+308 2.59029 inf
1135 1.0849e-05 1.72437e-05 1.70395e-05 1.79769e+308 2.59029 inf
1136 1.08514e-05 1.75687e-05 1.70395e-05 1.79769e+308 2.59029 inf
1137 1.08474e-05 1.72696e-05 1.70395e-05 1.79769e+308 2.59029 inf
1138 1.08621e-05 1.75609e-05 1.70395e-05 1.79769e+308 2.59029 inf
1139 1.08554e-05 1.76678e-05 1.70395e-05 1.79769e+308 2.59029 inf
1140 1.0832e-05 1.7542e-05 1.70395e-05 1.79769e+308 2.59029 inf
1141 1.08556e-05 1.72707e-05 1.70395e-05 1.79769e+308 2.59029 inf
1142 1.08657e-05 1.7129e-05 1.70395e-05 1.79769e+308 2.59029 inf
1143 1.08527e-05 1.71446e-05 1.70395e-05 1.79769e+308 2.59029 inf
1144 1.08414e-05 1.81569e-05 1.70395e-05 1.79769e+308 2.59029 inf
1145 1.08424e-05 1.71934e-05 1.70395e-05 1.79769e+308 2.59029 inf
1146 1.08463e-05 1.7591e-05 1.70395e-05 1.79769e+308 2.59029 inf
1147 1.08356e-05 1.70874e-05 1.70395e-05 1.79769e+308 2.59029 inf
1148 1.08557e-05 1.7489e-05 1.70395e-05 1.79769e+308 2.59029 inf
1149 1.08088e-05 2.0222e-05 1.70395e-05 1.79769e+308 2.59029 inf
1150 1.08429e-05 1.76484e-05 1.70395e-05 1.79769e+308 2.59029 inf
1151 1.08625e-05 1.7694e-05 1.70395e-05 1.79769e+308 2.59029 inf
1152 1.08322e-05 1.73077e-05 1.70395e-05 1.79769e+308 2.59029 inf
1153 1.08236e-05 1.82831e-05 1.70395e-05 1.79769e+308 2.59029 inf
1154 1.08367e-05 1.71584e-05 1.70395e-05 1.79769e+308 2.59029 inf
1155 1.0817e-05 1.78364e-05 1.70395e-05 1.79769e+308 2.59029 inf
1156 1.08672e-05 1.81495e-05 1.70395e-05 1.79769e+308 2.59029 inf
1157 1.0872e-05 2.00061e-05 1.70395e-05 1.79769e+308 2.59029 inf
1158 1.08175e-05 1.73327e-05 1.70395e-05 1.79769e+308 2.59029 inf
1159 1.08184e-05 1.71676e-05 1.70395e-05 1.79769e+308 2.59029 inf
1160 1.08451e-05 1.72661e-05 1.70395e-05 1.79769e+308 2.59029 inf
1161 1.0838e-05 1.72736e-05 1.70395e-05 1.79769e+308 2.59029 inf
1162 1.08063e-05 1.73042e-05 1.70395e-05 1.79769e+308 2.59029 inf
1163 1.08185e-05 1.78408e-05 1.70395e-05 1.79769e+308 2.59029 inf
1164 1.08506e-05 1.7969e-05 1.70395e-05 1.79769e+308 2.59029 inf
1165 1.08358e-05 1.86181e-05 1.70395e-05 1.79769e+308 2.59029 inf
1166 1.08034e-05 1.75459e-05 1.70395e-05 1.79769e+308 2.59029 inf
1167 1.08428e-05 1.76326e-05 1.70395e-05 1.79769e+308 2.59029 inf
1168 1.08155e-05 1.77899e-05 1.70395e-05 1.79769e+308 2.59029 inf
1169 1.08203e-05 1.71394e-05 1.70395e-05 1.79769e+308 2.59029 inf
1170 1.08322e-05 1.70668e-05 1.70395e-05 1.79769e+308 2.59029 inf
1171 1.0807e-05 1.72491e-05 1.70395e-05 1.79769e+308 2.59029 inf
1172 1.0797e-05 1.72569e-05 1.70395e-05 1.79769e+308 2.59029 inf
1173 1.08366e-05 1.8894e-05 1.70395e-05 1.79769e+308 2.59029 inf
1174 1.0832e-05 1.70805e-05 1.70395e-05 1.79769e+308 2.59029 inf
1175 1.08103e-05 1.72481e-05 1.70395e-05 1.79769e+308 2.59029 inf
1176 1.08107e-05 1.7218e-05 1.70395e-05 1.79769e+308 2.59029 inf
1177 1.08164e-05 1.72352e-05 1.70395e-05 1.79769e+308 2.59029 inf
1178 1.0808e-05 1.7218e-05 1.70395e-05 1.79769e+308 2.59029 inf
1179 1.04643e-05 1.75911e-05 1.70395e-05 1.79769e+308 2.59029 inf
1180 1.04658e-05 1.6989e-05 1.70395e-05 1.79769e+308 2.59029 inf
1181 1.04773e-05 1.71984e-05 1.6989e-05 1.79769e+308 2.58645 inf
1182 1.04755e-05 1.70929e-05 1.6989e-05 1.79769e+308 2.58645 inf
1183 1.04621e-05 1.70052e-05 1.6989e-05 1.79769e+308 2.58645 inf
1184 1.04717e-05 1.70955e-05 1.6989e-05 1.79769e+308 2.58645 inf
1185 1.0469e-05 1.72873e-05 1.6989e-05 1.79769e+308 2.58645 inf
1186 1.04665e-05 1.69925e-05 1.6989e-05 1.79769e+308 2.58645 inf
1187 1.04593e-05 1.76086e-05 1.6989e-05 1.79769e+308 2.58645 inf
1188 1.04646e-05 1.70331e-05 1.6989e-05 1.79769e+308 2.58645 inf
1189 1.04648e-05 1.7913e-05 1.6989e-05 1.79769e+308 2.58645 inf
1190 1.04513e-05 1.76241e-05 1.6989e-05 1.79769e+308 2.58645 inf
1191 1.04666e-05 1.71757e-05 1.6989e-05 1.79769e+308 2.58645 inf
1192 1.04611e-05 1.71602e-05 1.6989e-05 1.79769e+308 2.58645 inf
1193 1.04608e-05 1.74268e-05 1.6989e-05 1.79769e+308 2.58645 inf
1194 1.04681e-05 1.71177e-05 1.6989e-05 1.79769e+308 2.58645 inf
1195 1.04506e-05 1.70845e-05 1.6989e-05 1.79769e+308 2.58645 inf
1196 1.04481e-05 1.7093e-05 1.6989e-05 1.79769e+308 2.58645 inf
1197 1.04535e-05 1.71527e-05 1.6989e-05 1.79769e+308 2.58645 inf
1198 1.04711e-05 1.70089e-05 1.6989e-05 1.79769e+308 2.58645 inf
1199 1.04549e-05 1.7112e-05 1.6989e-05 1.79769e+308 2.58645 inf
1200 1.04539e-05 1.71178e-05 1.6989e-05 1.79769e+308 2.58645 inf
1201 1.04486e-05 1.70025e-05 1.6989e-05 1.79769e+308 2.58645 inf
1202 1.04804e-05 1.71183e-05 1.6989e-05 1.79769e+308 2.58645 inf
1203 1.046e-05 1.70129e-05 1.6989e-05 1.79769e+308 2.58645 inf
1204 1.04562e-05 1.70853e-05 1.6989e-05 1.79769e+308 2.58645 inf
1205 1.04562e-05 1.71213e-05 1.6989e-05 1.79769e+308 2.58645 inf
1206 1.04683e-05 1.71447e-05 1.6989e-05 1.79769e+308 2.58645 inf
1207 1.04665e-05 1.69924e-05 1.6989e-05 1.79769e+308 2.58645 inf
1208 1.04522e-05 1.73777e-05 1.6989e-05 1.79769e+308 2.58645 inf
1209 1.04445e-05 1.71349e-05 1.6989e-05 1.79769e+308 2.58645 inf
1210 1.04515e-05 1.70246e-05 1.6989e-05 1.79769e+308 2.58645 inf
1211 1.04453e-05 1.70335e-05 1.6989e-05 1.79769e+308 2.58645 inf
1212 1.04637e-05 1.78218e-05 1.6989e-05 1.79769e+308 2.58645 inf
1213 1.04561e-05 1.69862e-05 1.6989e-05 1.79769e+308 2.58645 inf
1214 1.04499e-05 1.75636e-05 1.6989e-05 1.79769e+308 2.58645 inf
1215 1.04489e-05 1.90734e-05 1.6989e-05 1.79769e+308 2.58645 inf
1216 1.04519e-05 1.76774e-05 1.6989e-05 1.79769e+308 2.58645 inf
1217 1.04598e-05 1.71184e-05 1.6989e-05 1.79769e+308 2.58645 inf
1218 1.04624e-05 1.69572e-05 1.6989e-05 1.79769e+308 2.58645 inf
1219 1.04653e-05 1.71571e-05 1.69572e-05 1.79769e+308 2.58403 inf
1220 1.04509e-05 1.74011e-05 1.69572e-05 1.79769e+308 2.58403 inf
1221 1.04476e-05 1.71151e-05 1.69572e-05 1.79769e+308 2.58403 inf
1222 1.04525e-05 1.8184e-05 1.69572e-05 1.79769e+308 2.58403 inf
1223 1.04432e-05 1.72579e-05 1.69572e-05 1.79769e+308 2.58403 inf
1224 1.04543e-05 1.70631e-05 1.69572e-05 1.79769e+308 2.58403 inf
1225 1.04546e-05 1.69932e-05 1.69572e-05 1.79769e+308 2.58403 inf
1226 1.04606e-05 1.7098e-05 1.69572e-05 1.79769e+308 2.58403 inf
1227 1.04499e-05 1.72585e-05 1.69572e-05 1.79769e+308 2.58403 inf
1228 1.04576e-05 1.69949e-05 1.69572e-05 1.79769e+308 2.58403 inf
1229 1.04408e-05 1.70116e-05 1.69572e-05 1.79769e+308 2.58403 inf
1230 1.04574e-05 1.73293e-05 1.69572e-05 1.79769e+308 2.58403 inf
1231 1.04371e-05 1.74198e-05 1.69572e-05 1.79769e+308 2.58403 inf
1232 1.0454e-05 1.70638e-05 1.69572e-05 1.79769e+308 2.58403 inf
1233 1.04496e-05 1.70766e-05 1.69572e-05 1.79769e+308 2.58403 inf
1234 1.04563e-05 1.69905e-05 1.69572e-05 1.79769e+308 2.58403 inf
1235 1.04565e-05 1.71649e-05 1.69572e-05 1.79769e+308 2.58403 inf
1236 1.04491e-05 1.69764e-05 1.69572e-05 1.79769e+308 2.58403 inf
1237 1.04444e-05 1.69697e-05 1.69572e-05 1.79769e+308 2.58403 inf
1238 1.04576e-05 1.71281e-05 1.69572e-05 1.79769e+308 2.58403 inf
1239 1.04401e-05 1.70303e-05 1.69572e-05 1.79769e+308 2.58403 inf
1240 1.04314e-05 1.72917e-05 1.69572e-05 1.79769e+308 2.58403 inf
1241 1.04367e-05 1.7138e-05 1.69572e-05 1.79769e+308 2.58403 inf
1242 1.0438e-05 1.74365e-05 1.69572e-05 1.79769e+308 2.58403 inf
1243 1.04486e-05 1.7e-05 1.69572e-05 1.79769e+308 2.58403 inf
1244 1.04317e-05 1.74561e-05 1.69572e-05 1.79769e+308 2.58403 inf
1245 1.04511e-05 1.78757e-05 1.69572e-05 1.79769e+308 2.58403 inf
1246 1.04309e-05 1.77616e-05 1.69572e-05 1.79769e+308 2.58403 inf
1247 1.04479e-05 1.73458e-05 1.69572e-05 1.79769e+308 2.58403 inf
1248 1.04386e-05 1.74265e-05 1.69572e-05 1.79769e+308 2.58403 inf
1249 1.04388e-05 1.75e-05 1.69572e-05 1.79769e+308 2.58403 inf
1250 1.04415e-05 1.70385e-05 1.69572e-05 1.79769e+308 2.58403 inf
1251 1.04485e-05 1.73578e-05 1.69572e-05 1.79769e+308 2.58403 inf
1252 1.04547e-05 1.71393e-05 1.69572e-05 1.79769e+308 2.58403 inf
1253 1.04368e-05 1.72706e-05 1.69572e-05 1.79769e+308 2.58403 inf
1254 1.04293e-05 1.70022e-05 1.69572e-05 1.79769e+308 2.58403 inf
1255 1.04533e-05 1.70878e-05 1.69572e-05 1.79769e+308 2.58403 inf
1256 1.04393e-05 1.70156e-05 1.69572e-05 1.79769e+308 2.58403 inf
1257 1.04419e-05 1.72599e-05 1.69572e-05 1.79769e+308 2.58403 inf
1258 1.04501e-05 1.70795e-05 1.69572e-05 1.79769e+308 2.58403 inf
1259 1.04394e-05 1.69839e-05 1.69572e-05 1.79769e+308 2.58403 inf
1260 1.04301e-05 1.71467e-05 1.69572e-05 1.79769e+308 2.58403 inf
1261 1.0441e-05 1.70343e-05 1.69572e-05 1.79769e+308 2.58403 inf
1262 1.04413e-05 1.77399e-05 1.69572e-05 1.79769e+308 2.58403 inf
1263 1.04314e-05 1.71658e-05 1.69572e-05 1.79769e+308 2.58403 inf
1264 1.04319e-05 1.73515e-05 1.69572e-05 1.79769e+308 2.58403 inf
1265 1.0427e-05 1.7875e-05 1.69572e-05 1.79769e+308 2.58403 inf
1266 1.04451e-05 1.73456e-05 1.69572e-05 1.79769e+308 2.58403 inf
1267 1.0424e-05 1.74241e-05 1.69572e-05 1.79769e+308 2.58403 inf
1268 1.04359e-05 1.71971e-05 1.69572e-05 1.79769e+308 2.58403 inf
1269 1.04264e-05 1.82693e-05 1.69572e-05 1.79769e+308 2.58403 inf
1270 1.04359e-05 1.70241e-05 1.69572e-05 1.79769e+308 2.58403 inf
1271 1.04367e-05 1.78755e-05 1.69572e-05 1.79769e+308 2.58403 inf
1272 1.04307e-05 1.71961e-05 1.69572e-05 1.79769e+308 2.58403 inf
1273 1.0419e-05 1.70953e-05 1.69572e-05 1.79769e+308 2.58403 inf
1274 1.04467e-05 1.77432e-05 1.69572e-05 1.79769e+308 2.58403 inf
1275 1.04332e-05 1.70806e-05 1.69572e-05 1.79769e+308 2.58403 inf
1276 1.04324e-05 1.69745e-05 1.69572e-05 1.79769e+308 2.58403 inf
1277 1.04463e-05 1.69771e-05 1.69572e-05 1.79769e+308 2.58403 inf
1278 1.0435e-05 1.69952e-05 1.69572e-05 1.79769e+308 2.58403 inf
1279 1.04254e-05 1.825e-05 1.69572e-05 1.79769e+308 2.58403 inf
1280 1.04306e-05 1.8246e-05 1.69572e-05 1.79769e+308 2.58403 inf
1281 1.04224e-05 1.71467e-05 1.69572e-05 1.79769e+308 2.58403 inf
1282 1.04261e-05 1.71429e-05 1.69572e-05 1.79769e+308 2.58403 inf
1283 1.0426e-05 1.73496e-05 1.69572e-05 1.79769e+308 2.58403 inf
1284 1.04389e-05 1.7091e-05 1.69572e-05 1.79769e+308 2.58403 inf
1285 1.04357e-05 1.70755e-05 1.69572e-05 1.79769e+308 2.58403 inf
1286 1.04395e-05 1.70115e-05 1.69572e-05 1.79769e+308 2.58403 inf
1287 1.04387e-05 1.71305e-05 1.69572e-05 1.79769e+308 2.58403 inf
1288 1.04155e-05 1.76864e-05 1.69572e-05 1.79769e+308 2.58403 inf
1289 1.04219e-05 1.76858e-05 1.69572e-05 1.79769e+308 2.58403 inf
1290 1.04253e-05 1.73628e-05 1.69572e-05 1.79769e+308 2.58403 inf
1291 1.04319e-05 1.69832e-05 1.69572e-05 1.79769e+308 2.58403 inf
1292 1.04221e-05 1.7341e-05 1.69572e-05 1.79769e+308 2.58403 inf
1293 1.04327e-05 1.71882e-05 1.69572e-05 1.79769e+308 2.58403 inf
