1 2.19745 0.000860157 1.79769e+308
2 1.29269 0.00132035 0.000860157
3 0.00108831 0.000404433 0.000860157
4 0.00128699 0.000388659 0.000404433
5 0.0233135 0.000699801 0.000388659
6 0.000461334 0.001634 0.000388659
7 0.0167025 0.000555573 0.000388659
8 0.000261045 0.000110953 0.000388659
9 0.0111839 0.000128577 0.000110953
10 0.0129343 0.000197109 0.000110953
11 0.000197763 0.000187015 0.000110953
12 0.0119562 9.36833e-05 0.000110953
13 0.000639297 0.00417125 9.36833e-05
14 0.0109024 8.41344e-05 9.36833e-05
15 0.0108218 7.53805e-05 8.41344e-05
16 0.00943751 0.000141102 7.53805e-05
17 0.000264162 8.31613e-05 7.53805e-05
18 0.00993521 6.50894e-05 7.53805e-05
19 0.0086941 8.75121e-05 6.50894e-05
20 0.0100818 0.000148174 6.50894e-05
21 0.000203156 0.00011838 6.50894e-05
22 0.00843025 5.91769e-05 6.50894e-05
23 0.0077106 5.8711e-05 5.91769e-05
24 0.000369344 0.00160467 5.8711e-05
25 0.00770399 4.50551e-05 5.8711e-05
26 0.00840554 5.62081e-05 4.50551e-05
27 0.000327877 5.39308e-05 4.50551e-05
28 0.0081116 4.92758e-05 4.50551e-05
29 0.00743093 4.75366e-05 4.50551e-05
30 0.00670247 6.7727e-05 4.50551e-05
31 0.000242758 9.02813e-05 4.50551e-05
32 0.000601143 0.000292294 4.50551e-05
33 0.000584488 7.12601e-05 4.50551e-05
34 0.000552081 3.95436e-05 4.50551e-05
35 0.000524916 3.19658e-05 3.95436e-05
36 0.000474697 4.38664e-05 3.19658e-05
37 0.000473622 0.000376054 3.19658e-05
38 0.00044021 0.000395449 3.19658e-05
39 0.00041451 4.65521e-05 3.19658e-05
40 0.00040685 3.74038e-05 3.19658e-05
41 0.000366425 6.788e-05 3.19658e-05
42 0.000361986 3.11889e-05 3.19658e-05
43 0.00034017 0.00228757 3.11889e-05
44 0.000332419 2.70437e-05 3.11889e-05
45 0.000318428 3.1932e-05 2.70437e-05
46 0.000301992 0.000119801 2.70437e-05
47 0.000292383 0.00201125 2.70437e-05
48 0.000277631 0.000209647 2.70437e-05
49 0.00027412 2.64003e-05 2.70437e-05
50 0.000263508 7.44843e-05 2.64003e-05
51 0.000258732 0.000229369 2.64003e-05
52 0.000256109 8.26997e-05 2.64003e-05
53 0.000250002 3.5108e-05 2.64003e-05
54 0.000238734 8.86061e-05 2.64003e-05
55 0.000236341 6.09469e-05 2.64003e-05
56 0.000224864 0.000141662 2.64003e-05
57 0.00022229 8.71521e-05 2.64003e-05
58 0.000216169 9.22971e-05 2.64003e-05
59 0.00020936 2.73917e-05 2.64003e-05
60 0.00020341 2.87298e-05 2.64003e-05
61 0.000197239 1.89024e-05 2.64003e-05
62 0.000196325 4.2085e-05 1.89024e-05
63 0.0001908 2.19075e-05 1.89024e-05
64 0.000186667 0.000198218 1.89024e-05
65 0.000186387 0.000352933 1.89024e-05
66 0.000182976 4.71434e-05 1.89024e-05
67 0.000178463 2.65274e-05 1.89024e-05
68 0.000179998 5.58896e-05 1.89024e-05
69 0.00017317 0.000634866 1.89024e-05
70 0.000174282 3.64694e-05 1.89024e-05
71 0.000167418 3.5992e-05 1.89024e-05
72 0.000166251 2.42206e-05 1.89024e-05
73 0.000165153 0.00239171 1.89024e-05
74 0.000164966 0.000127916 1.89024e-05
75 0.000160298 6.79641e-05 1.89024e-05
76 0.000156881 2.41416e-05 1.89024e-05
77 0.000155275 2.64013e-05 1.89024e-05
78 0.000152024 4.59594e-05 1.89024e-05
79 0.000149494 0.000101722 1.89024e-05
80 0.000150918 0.000144984 1.89024e-05
81 0.000147081 1.94975e-05 1.89024e-05
82 0.000144312 0.000458653 1.89024e-05
83 0.000143948 5.99997e-05 1.89024e-05
84 0.000143276 3.79992e-05 1.89024e-05
85 0.000144134 3.21058e-05 1.89024e-05
86 0.000141155 0.00108892 1.89024e-05
87 0.000140513 1.97869e-05 1.89024e-05
88 0.000138733 6.85831e-05 1.89024e-05
89 0.000138822 0.000187822 1.89024e-05
90 0.000137755 0.000519159 1.89024e-05
91 0.000137671 2.0731e-05 1.89024e-05
92 0.000135811 2.65013e-05 1.89024e-05
93 0.00013517 2.67838e-05 1.89024e-05
94 0.000134994 7.41427e-05 1.89024e-05
95 0.000134494 2.29593e-05 1.89024e-05
96 0.000134108 1.81359e-05 1.89024e-05
97 0.000133007 0.000119538 1.81359e-05
98 0.000133521 1.5166e-05 1.81359e-05
99 0.000131997 2.0085e-05 1.5166e-05
100 0.000132127 2.35952e-05 1.5166e-05
101 0.000131368 5.47449e-05 1.5166e-05
102 0.000130273 1.98665e-05 1.5166e-05
103 0.000128084 3.38018e-05 1.5166e-05
104 0.000125403 2.3074e-05 1.5166e-05
105 0.000124645 1.70435e-05 1.5166e-05
106 0.000120555 2.02895e-05 1.5166e-05
107 0.00011729 2.96762e-05 1.5166e-05
108 0.000114459 5.93885e-05 1.5166e-05
109 0.000111029 8.0999e-05 1.5166e-05
110 0.000110077 1.48788e-05 1.5166e-05
111 0.000111757 0.00025555 1.48788e-05
112 0.00010671 7.76118e-05 1.48788e-05
113 0.000108971 7.14465e-05 1.48788e-05
114 0.000107244 1.91341e-05 1.48788e-05
115 0.000106105 2.06029e-05 1.48788e-05
116 0.000105927 1.73709e-05 1.48788e-05
117 0.000103312 0.000232379 1.48788e-05
118 0.000104806 2.38088e-05 1.48788e-05
119 0.000100947 2.09032e-05 1.48788e-05
120 0.000103486 4.5317e-05 1.48788e-05
121 9.92565e-05 1.49252e-05 1.48788e-05
122 9.91317e-05 1.5558e-05 1.48788e-05
123 0.000100579 0.000187481 1.48788e-05
124 9.92542e-05 3.48822e-05 1.48788e-05
125 9.91078e-05 1.86857e-05 1.48788e-05
126 9.54785e-05 5.39325e-05 1.48788e-05
127 9.59172e-05 0.000181944 1.48788e-05
128 9.46603e-05 0.000370052 1.48788e-05
129 9.44852e-05 0.000183377 1.48788e-05
130 9.3205e-05 4.8245e-05 1.48788e-05
131 9.18369e-05 2.01557e-05 1.48788e-05
132 9.09845e-05 5.05887e-05 1.48788e-05
133 9.07749e-05 7.38327e-05 1.48788e-05
134 8.90177e-05 1.60741e-05 1.48788e-05
135 8.84512e-05 1.88109e-05 1.48788e-05
136 8.57745e-05 7.14911e-05 1.48788e-05
137 8.38122e-05 2.2588e-05 1.48788e-05
138 8.18988e-05 1.90916e-05 1.48788e-05
139 7.49552e-05 3.37286e-05 1.48788e-05
140 7.47817e-05 5.0853e-05 1.48788e-05
141 7.1519e-05 5.16618e-05 1.48788e-05
142 7.05503e-05 0.000208794 1.48788e-05
143 6.95483e-05 1.41402e-05 1.48788e-05
144 6.74396e-05 6.43016e-05 1.41402e-05
145 6.65399e-05 1.82182e-05 1.41402e-05
146 6.43947e-05 1.8058e-05 1.41402e-05
147 6.47951e-05 2.09478e-05 1.41402e-05
148 6.32136e-05 5.0687e-05 1.41402e-05
149 6.28781e-05 2.16158e-05 1.41402e-05
150 6.29806e-05 3.47633e-05 1.41402e-05
151 6.25844e-05 2.6166e-05 1.41402e-05
152 6.20017e-05 0.00010397 1.41402e-05
153 6.15028e-05 0.000155909 1.41402e-05
154 6.07599e-05 1.4013e-05 1.41402e-05
155 6.06075e-05 1.96188e-05 1.4013e-05
156 5.97737e-05 1.98217e-05 1.4013e-05
157 5.97509e-05 7.23794e-05 1.4013e-05
158 5.94283e-05 4.4208e-05 1.4013e-05
159 6.33652e-05 1.54682e-05 1.4013e-05
160 6.01697e-05 1.32487e-05 1.4013e-05
161 5.96043e-05 1.37668e-05 1.32487e-05
162 5.93915e-05 1.96224e-05 1.32487e-05
163 6.11499e-05 7.93251e-05 1.32487e-05
164 6.05671e-05 1.97489e-05 1.32487e-05
165 5.71991e-05 7.87809e-05 1.32487e-05
166 5.65554e-05 2.48608e-05 1.32487e-05
167 5.71071e-05 2.10978e-05 1.32487e-05
168 5.65744e-05 1.31557e-05 1.32487e-05
169 5.80413e-05 0.000202715 1.31557e-05
170 5.7105e-05 1.52988e-05 1.31557e-05
171 5.5882e-05 0.000221174 1.31557e-05
172 5.5595e-05 3.29766e-05 1.31557e-05
173 5.59221e-05 0.000116874 1.31557e-05
174 5.6919e-05 7.0744e-05 1.31557e-05
175 5.67622e-05 2.74983e-05 1.31557e-05
176 5.76484e-05 5.12133e-05 1.31557e-05
177 5.63231e-05 2.51345e-05 1.31557e-05
178 5.55879e-05 0.000194253 1.31557e-05
179 5.56379e-05 3.57629e-05 1.31557e-05
180 5.64795e-05 1.86142e-05 1.31557e-05
181 5.57689e-05 5.23318e-05 1.31557e-05
182 5.43081e-05 4.501e-05 1.31557e-05
183 5.4438e-05 1.78033e-05 1.31557e-05
184 5.32538e-05 0.0001617 1.31557e-05
185 5.3196e-05 1.3096e-05 1.31557e-05
186 5.31067e-05 1.50755e-05 1.3096e-05
187 5.33135e-05 2.15996e-05 1.3096e-05
188 5.23432e-05 1.61335e-05 1.3096e-05
189 5.31788e-05 0.000269069 1.3096e-05
190 5.25823e-05 2.29362e-05 1.3096e-05
191 5.25196e-05 1.75745e-05 1.3096e-05
192 5.20007e-05 2.13361e-05 1.3096e-05
193 5.11798e-05 1.22018e-05 1.3096e-05
194 5.06085e-05 4.92923e-05 1.22018e-05
195 4.93937e-05 7.53735e-05 1.22018e-05
196 4.9168e-05 2.02978e-05 1.22018e-05
197 4.99647e-05 1.97072e-05 1.22018e-05
198 4.85333e-05 1.79159e-05 1.22018e-05
199 4.77674e-05 3.33114e-05 1.22018e-05
200 4.85232e-05 1.95473e-05 1.22018e-05
201 4.73049e-05 1.32944e-05 1.22018e-05
202 4.66994e-05 3.42957e-05 1.22018e-05
203 4.61245e-05 2.44411e-05 1.22018e-05
204 4.63228e-05 2.2362e-05 1.22018e-05
205 4.61289e-05 1.89653e-05 1.22018e-05
206 4.52001e-05 6.87554e-05 1.22018e-05
207 4.39984e-05 0.000256786 1.22018e-05
208 4.53926e-05 4.91734e-05 1.22018e-05
209 4.74607e-05 0.000394623 1.22018e-05
210 4.55917e-05 2.3774e-05 1.22018e-05
211 4.46923e-05 1.69003e-05 1.22018e-05
212 4.33451e-05 2.19028e-05 1.22018e-05
213 4.4432e-05 3.15552e-05 1.22018e-05
214 4.27505e-05 1.57549e-05 1.22018e-05
215 4.20618e-05 6.31821e-05 1.22018e-05
216 4.24543e-05 1.10905e-05 1.22018e-05
217 4.31386e-05 1.83727e-05 1.10905e-05
218 4.15261e-05 1.40954e-05 1.10905e-05
219 4.13079e-05 1.79409e-05 1.10905e-05
220 4.07132e-05 1.31568e-05 1.10905e-05
221 4.13081e-05 2.3506e-05 1.10905e-05
222 4.06095e-05 1.31919e-05 1.10905e-05
223 4.13733e-05 7.11368e-05 1.10905e-05
224 4.10646e-05 1.31413e-05 1.10905e-05
225 4.0995e-05 6.6998e-05 1.10905e-05
226 4.01447e-05 4.53201e-05 1.10905e-05
227 4.05866e-05 1.54875e-05 1.10905e-05
228 3.9294e-05 1.58186e-05 1.10905e-05
229 3.96335e-05 5.49122e-05 1.10905e-05
230 3.9793e-05 4.81417e-05 1.10905e-05
231 3.91861e-05 1.57911e-05 1.10905e-05
232 3.91253e-05 7.35186e-05 1.10905e-05
233 4.0114e-05 1.34517e-05 1.10905e-05
234 3.94601e-05 4.6125e-05 1.10905e-05
235 3.95209e-05 2.76829e-05 1.10905e-05
236 3.88724e-05 6.04824e-05 1.10905e-05
237 3.88812e-05 1.55039e-05 1.10905e-05
238 3.8602e-05 1.69238e-05 1.10905e-05
239 3.84194e-05 8.19889e-05 1.10905e-05
240 3.80826e-05 1.15065e-05 1.10905e-05
241 3.78264e-05 4.7069e-05 1.10905e-05
242 3.8593e-05 5.27575e-05 1.10905e-05
243 3.96272e-05 5.00952e-05 1.10905e-05
244 3.96017e-05 3.04437e-05 1.10905e-05
245 3.81699e-05 0.000171535 1.10905e-05
246 3.85378e-05 3.41022e-05 1.10905e-05
247 3.74618e-05 3.40971e-05 1.10905e-05
248 3.67708e-05 1.16787e-05 1.10905e-05
249 3.82298e-05 0.000112619 1.10905e-05
250 3.78296e-05 8.52069e-05 1.10905e-05
251 3.80968e-05 1.44083e-05 1.10905e-05
252 3.75782e-05 1.16384e-05 1.10905e-05
253 3.78175e-05 2.42075e-05 1.10905e-05
254 3.67833e-05 2.56244e-05 1.10905e-05
255 3.69287e-05 1.69039e-05 1.10905e-05
256 3.66102e-05 1.58195e-05 1.10905e-05
257 3.7783e-05 1.77614e-05 1.10905e-05
258 3.76315e-05 1.72371e-05 1.10905e-05
259 3.70719e-05 1.20431e-05 1.10905e-05
260 3.69235e-05 4.0849e-05 1.10905e-05
261 3.81227e-05 1.05735e-05 1.10905e-05
262 3.6825e-05 0.000102126 1.05735e-05
263 3.72551e-05 9.91539e-06 1.05735e-05
264 3.71519e-05 0.000289601 9.91539e-06
265 3.77549e-05 1.65281e-05 9.91539e-06
266 3.78814e-05 5.40914e-05 9.91539e-06
267 3.75195e-05 1.20184e-05 9.91539e-06
268 3.77876e-05 1.17626e-05 9.91539e-06
269 3.65697e-05 4.76523e-05 9.91539e-06
270 3.77357e-05 1.32158e-05 9.91539e-06
271 3.68444e-05 1.46646e-05 9.91539e-06
272 3.66155e-05 9.58426e-05 9.91539e-06
273 3.66239e-05 1.6441e-05 9.91539e-06
274 3.67921e-05 1.85526e-05 9.91539e-06
275 3.67354e-05 1.23243e-05 9.91539e-06
276 3.66531e-05 5.57436e-05 9.91539e-06
277 3.60059e-05 5.02568e-05 9.91539e-06
278 3.61741e-05 1.61857e-05 9.91539e-06
279 3.64668e-05 1.89652e-05 9.91539e-06
280 3.59274e-05 1.22935e-05 9.91539e-06
281 3.75675e-05 1.92018e-05 9.91539e-06
282 3.55502e-05 3.25239e-05 9.91539e-06
283 3.60053e-05 8.45134e-05 9.91539e-06
284 3.47774e-05 3.30668e-05 9.91539e-06
285 3.44458e-05 1.10276e-05 9.91539e-06
286 3.5761e-05 2.28045e-05 9.91539e-06
287 3.45896e-05 3.0944e-05 9.91539e-06
288 3.49879e-05 1.78941e-05 9.91539e-06
289 3.4789e-05 1.86567e-05 9.91539e-06
290 3.65334e-05 1.45035e-05 9.91539e-06
291 3.34438e-05 2.47033e-05 9.91539e-06
292 3.41129e-05 1.56381e-05 9.91539e-06
293 3.43794e-05 7.32302e-05 9.91539e-06
294 3.49526e-05 1.09709e-05 9.91539e-06
295 3.49952e-05 1.33425e-05 9.91539e-06
296 3.52831e-05 4.62323e-05 9.91539e-06
297 3.33568e-05 1.05624e-05 9.91539e-06
298 3.48072e-05 2.60215e-05 9.91539e-06
299 3.42693e-05 3.12884e-05 9.91539e-06
300 3.45726e-05 2.54419e-05 9.91539e-06
301 3.43667e-05 1.96988e-05 9.91539e-06
302 3.41361e-05 6.45744e-05 9.91539e-06
303 3.40997e-05 1.49328e-05 9.91539e-06
304 3.49724e-05 2.66779e-05 9.91539e-06
305 3.44912e-05 1.77622e-05 9.91539e-06
306 3.36731e-05 3.00959e-05 9.91539e-06
307 3.38435e-05 1.58514e-05 9.91539e-06
308 3.33819e-05 2.43831e-05 9.91539e-06
309 3.37079e-05 3.58482e-05 9.91539e-06
310 3.33887e-05 9.02721e-06 9.91539e-06
311 3.38968e-05 2.13403e-05 9.02721e-06
312 3.47301e-05 1.0922e-05 9.02721e-06
313 3.36889e-05 6.50703e-05 9.02721e-06
314 3.35814e-05 1.27437e-05 9.02721e-06
315 3.50906e-05 2.12764e-05 9.02721e-06
316 3.36899e-05 1.63972e-05 9.02721e-06
317 3.37543e-05 2.23674e-05 9.02721e-06
318 3.28847e-05 1.14032e-05 9.02721e-06
319 3.33465e-05 1.30586e-05 9.02721e-06
320 3.31164e-05 1.18135e-05 9.02721e-06
321 3.38573e-05 8.69932e-06 9.02721e-06
322 3.26029e-05 2.30585e-05 8.69932e-06
323 3.31368e-05 2.43206e-05 8.69932e-06
324 3.29717e-05 1.01883e-05 8.69932e-06
325 3.34836e-05 2.16624e-05 8.69932e-06
326 3.25325e-05 4.07591e-05 8.69932e-06
327 3.26794e-05 1.0341e-05 8.69932e-06
328 3.28933e-05 2.41461e-05 8.69932e-06
329 3.2948e-05 8.76901e-05 8.69932e-06
330 3.24156e-05 4.41674e-05 8.69932e-06
331 3.40722e-05 2.08172e-05 8.69932e-06
332 3.21389e-05 3.0023e-05 8.69932e-06
333 3.26086e-05 2.45902e-05 8.69932e-06
334 3.36567e-05 1.1752e-05 8.69932e-06
335 3.30688e-05 4.07552e-05 8.69932e-06
336 3.18301e-05 1.28189e-05 8.69932e-06
337 3.28532e-05 1.69154e-05 8.69932e-06
338 3.24963e-05 9.52011e-05 8.69932e-06
339 3.27938e-05 1.25032e-05 8.69932e-06
340 3.30042e-05 7.09879e-05 8.69932e-06
341 3.34753e-05 2.29865e-05 8.69932e-06
342 3.36437e-05 1.55689e-05 8.69932e-06
343 3.34618e-05 1.15994e-05 8.69932e-06
344 3.18755e-05 1.69937e-05 8.69932e-06
345 3.2918e-05 6.52792e-05 8.69932e-06
346 3.24921e-05 1.39112e-05 8.69932e-06
347 3.19617e-05 4.24154e-05 8.69932e-06
348 3.18247e-05 8.95689e-06 8.69932e-06
349 3.23946e-05 1.01877e-05 8.69932e-06
350 3.25195e-05 4.52339e-05 8.69932e-06
351 3.13845e-05 2.7092e-05 8.69932e-06
352 3.12464e-05 9.87564e-06 8.69932e-06
353 3.16756e-05 1.09326e-05 8.69932e-06
354 3.11334e-05 1.02627e-05 8.69932e-06
355 3.19061e-05 1.78921e-05 8.69932e-06
356 3.1512e-05 9.39293e-06 8.69932e-06
357 3.14439e-05 1.29814e-05 8.69932e-06
358 3.22994e-05 1.02691e-05 8.69932e-06
359 3.09636e-05 3.62181e-05 8.69932e-06
360 3.13563e-05 3.36873e-05 8.69932e-06
361 3.05106e-05 1.32075e-05 8.69932e-06
362 3.12615e-05 3.07362e-05 8.69932e-06
363 3.18712e-05 1.90815e-05 8.69932e-06
364 3.0093e-05 1.14293e-05 8.69932e-06
365 3.04893e-05 9.43887e-05 8.69932e-06
366 3.10597e-05 2.16025e-05 8.69932e-06
367 3.03257e-05 9.76426e-06 8.69932e-06
368 2.99976e-05 1.03217e-05 8.69932e-06
369 3.10346e-05 1.28455e-05 8.69932e-06
370 3.03852e-05 0.000345067 8.69932e-06
371 3.09012e-05 1.9451e-05 8.69932e-06
372 3.04518e-05 1.27398e-05 8.69932e-06
373 2.96541e-05 1.04871e-05 8.69932e-06
374 3.12882e-05 1.4069e-05 8.69932e-06
375 3.0266e-05 1.11734e-05 8.69932e-06
376 3.07805e-05 1.12031e-05 8.69932e-06
377 3.02057e-05 1.18368e-05 8.69932e-06
378 2.95429e-05 1.14403e-05 8.69932e-06
379 3.01146e-05 9.91882e-06 8.69932e-06
380 2.98426e-05 1.5519e-05 8.69932e-06
381 3.0042e-05 4.71954e-05 8.69932e-06
382 2.93171e-05 1.90911e-05 8.69932e-06
383 2.95718e-05 1.64102e-05 8.69932e-06
384 2.94235e-05 9.68698e-06 8.69932e-06
385 2.92687e-05 1.39385e-05 8.69932e-06
386 2.98906e-05 9.69155e-05 8.69932e-06
387 2.89155e-05 1.40864e-05 8.69932e-06
388 2.97485e-05 1.02963e-05 8.69932e-06
389 2.96677e-05 2.56287e-05 8.69932e-06
390 2.94009e-05 0.000241477 8.69932e-06
391 2.90532e-05 1.46151e-05 8.69932e-06
392 2.87444e-05 6.65429e-05 8.69932e-06
393 2.95902e-05 1.10964e-05 8.69932e-06
394 2.97129e-05 5.07928e-05 8.69932e-06
395 2.92836e-05 1.02021e-05 8.69932e-06
396 3.00907e-05 9.87274e-06 8.69932e-06
397 2.96997e-05 9.93768e-06 8.69932e-06
398 2.92177e-05 1.44069e-05 8.69932e-06
399 2.89109e-05 9.64389e-06 8.69932e-06
400 2.93212e-05 2.47552e-05 8.69932e-06
401 2.94171e-05 1.14704e-05 8.69932e-06
402 2.87595e-05 2.14451e-05 8.69932e-06
403 3.02256e-05 1.52254e-05 8.69932e-06
404 2.86543e-05 1.34033e-05 8.69932e-06
405 2.89087e-05 9.88931e-06 8.69932e-06
406 2.88617e-05 8.84682e-06 8.69932e-06
407 2.88718e-05 1.25239e-05 8.69932e-06
408 2.79975e-05 2.82373e-05 8.69932e-06
409 2.83724e-05 2.64389e-05 8.69932e-06
410 2.86745e-05 2.46617e-05 8.69932e-06
411 2.81104e-05 4.3469e-05 8.69932e-06
412 2.85717e-05 1.00076e-05 8.69932e-06
413 2.83921e-05 1.00231e-05 8.69932e-06
414 2.85431e-05 1.23957e-05 8.69932e-06
415 2.7922e-05 2.24159e-05 8.69932e-06
416 2.83353e-05 1.11858e-05 8.69932e-06
417 2.82871e-05 3.75533e-05 8.69932e-06
418 2.80044e-05 2.08282e-05 8.69932e-06
419 2.87125e-05 0.000106692 8.69932e-06
420 2.75293e-05 8.19255e-06 8.69932e-06
421 2.81245e-05 1.06524e-05 8.19255e-06
422 2.79019e-05 1.21039e-05 8.19255e-06
423 2.83321e-05 1.58303e-05 8.19255e-06
424 2.84504e-05 4.1881e-05 8.19255e-06
425 2.85242e-05 2.40676e-05 8.19255e-06
426 2.86948e-05 1.06583e-05 8.19255e-06
427 2.74627e-05 2.60106e-05 8.19255e-06
428 2.78545e-05 1.68992e-05 8.19255e-06
429 2.71328e-05 1.08961e-05 8.19255e-06
430 2.7927e-05 1.08804e-05 8.19255e-06
431 2.81391e-05 2.28991e-05 8.19255e-06
432 2.76526e-05 2.90945e-05 8.19255e-06
433 2.74964e-05 1.53826e-05 8.19255e-06
434 2.74651e-05 1.06728e-05 8.19255e-06
435 2.66993e-05 3.51379e-05 8.19255e-06
436 2.70369e-05 1.90939e-05 8.19255e-06
437 2.79831e-05 1.01223e-05 8.19255e-06
438 2.66137e-05 9.75793e-06 8.19255e-06
439 2.74952e-05 1.5928e-05 8.19255e-06
440 2.6557e-05 1.80696e-05 8.19255e-06
441 2.67237e-05 4.20243e-05 8.19255e-06
442 2.70942e-05 2.25642e-05 8.19255e-06
443 2.71169e-05 1.79138e-05 8.19255e-06
444 2.67196e-05 1.06513e-05 8.19255e-06
445 2.64405e-05 9.50358e-06 8.19255e-06
446 2.64456e-05 8.57524e-06 8.19255e-06
447 2.66256e-05 9.16341e-06 8.19255e-06
448 2.63162e-05 1.95579e-05 8.19255e-06
449 2.68966e-05 2.02664e-05 8.19255e-06
450 2.7024e-05 6.25023e-05 8.19255e-06
451 2.6753e-05 1.00311e-05 8.19255e-06
452 2.67174e-05 1.19201e-05 8.19255e-06
453 2.67755e-05 6.7405e-05 8.19255e-06
454 2.66169e-05 0.000157699 8.19255e-06
455 2.67166e-05 1.61439e-05 8.19255e-06
456 2.62425e-05 1.41402e-05 8.19255e-06
457 2.77553e-05 1.24792e-05 8.19255e-06
458 2.69781e-05 1.09965e-05 8.19255e-06
459 2.62324e-05 9.58604e-06 8.19255e-06
460 2.83288e-05 2.81754e-05 8.19255e-06
461 2.54586e-05 2.64848e-05 8.19255e-06
462 2.6912e-05 3.01713e-05 8.19255e-06
463 2.68834e-05 1.94928e-05 8.19255e-06
464 2.58764e-05 1.51068e-05 8.19255e-06
465 2.59955e-05 1.04571e-05 8.19255e-06
466 2.64339e-05 1.07022e-05 8.19255e-06
467 2.68749e-05 1.79844e-05 8.19255e-06
468 2.50729e-05 3.81533e-05 8.19255e-06
469 2.64406e-05 1.05123e-05 8.19255e-06
470 2.65671e-05 5.6435e-05 8.19255e-06
471 2.63687e-05 1.43173e-05 8.19255e-06
472 2.56638e-05 1.41035e-05 8.19255e-06
473 2.63733e-05 1.24321e-05 8.19255e-06
474 2.66748e-05 2.09065e-05 8.19255e-06
475 2.61564e-05 1.89227e-05 8.19255e-06
476 2.74255e-05 1.68626e-05 8.19255e-06
477 2.70341e-05 1.01498e-05 8.19255e-06
478 2.67588e-05 1.82923e-05 8.19255e-06
479 2.56796e-05 5.11873e-05 8.19255e-06
480 2.65539e-05 1.70198e-05 8.19255e-06
481 2.64651e-05 9.34553e-05 8.19255e-06
482 2.55284e-05 5.53417e-05 8.19255e-06
483 2.65283e-05 3.07976e-05 8.19255e-06
484 2.46132e-05 9.5122e-06 8.19255e-06
485 2.68867e-05 4.0517e-05 8.19255e-06
486 2.58545e-05 1.34118e-05 8.19255e-06
487 2.5921e-05 9.58075e-06 8.19255e-06
488 2.65137e-05 9.58457e-06 8.19255e-06
489 2.51306e-05 1.76166e-05 8.19255e-06
490 2.60848e-05 1.61855e-05 8.19255e-06
491 2.62724e-05 1.41369e-05 8.19255e-06
492 2.58473e-05 9.38972e-06 8.19255e-06
493 2.6432e-05 5.64045e-05 8.19255e-06
494 2.55836e-05 2.09908e-05 8.19255e-06
495 2.62649e-05 5.629e-05 8.19255e-06
496 2.5662e-05 1.11271e-05 8.19255e-06
497 2.68216e-05 2.39129e-05 8.19255e-06
498 2.55198e-05 2.48374e-05 8.19255e-06
499 2.65377e-05 0.000102528 8.19255e-06
500 2.57563e-05 9.3222e-06 8.19255e-06
501 2.56541e-05 1.72124e-05 8.19255e-06
502 2.84213e-05 1.17321e-05 8.19255e-06
503 2.54428e-05 1.7661e-05 8.19255e-06
504 2.56186e-05 3.01444e-05 8.19255e-06
505 2.58389e-05 1.33828e-05 8.19255e-06
506 2.57163e-05 1.16982e-05 8.19255e-06
507 2.5584e-05 1.25182e-05 8.19255e-06
508 2.50419e-05 0.000144671 8.19255e-06
509 2.5146e-05 3.40119e-05 8.19255e-06
510 2.65013e-05 4.43697e-05 8.19255e-06
511 2.62247e-05 2.57548e-05 8.19255e-06
512 2.56021e-05 1.17046e-05 8.19255e-06
513 2.60811e-05 1.89701e-05 8.19255e-06
514 2.61899e-05 1.16816e-05 8.19255e-06
515 2.55425e-05 4.65225e-05 8.19255e-06
516 2.59165e-05 1.4338e-05 8.19255e-06
517 2.61338e-05 9.32189e-06 8.19255e-06
518 2.54845e-05 9.90873e-06 8.19255e-06
519 2.5517e-05 9.84001e-06 8.19255e-06
520 2.53211e-05 9.44572e-06 8.19255e-06
521 7.33646e-06 1.15895e-05 8.19255e-06
522 7.5065e-06 7.0793e-06 8.19255e-06
523 7.05587e-06 6.5073e-06 7.0793e-06
524 6.79539e-06 6.76514e-06 6.5073e-06
525 6.78618e-06 7.34319e-06 6.5073e-06
526 6.67214e-06 9.43287e-06 6.5073e-06
527 6.62077e-06 8.62154e-06 6.5073e-06
528 6.72121e-06 6.3889e-06 6.5073e-06
529 6.65094e-06 9.45038e-06 6.3889e-06
530 6.61659e-06 6.20653e-06 6.3889e-06
531 6.54898e-06 9.36522e-06 6.20653e-06
532 6.47699e-06 7.13215e-06 6.20653e-06
533 6.5234e-06 8.74156e-06 6.20653e-06
534 6.48966e-06 9.25914e-06 6.20653e-06
535 6.50347e-06 1.01327e-05 6.20653e-06
536 6.49991e-06 9.91e-06 6.20653e-06
537 6.39644e-06 6.00532e-06 6.20653e-06
538 6.41049e-06 6.58782e-06 6.00532e-06
539 6.36415e-06 7.55114e-06 6.00532e-06
540 6.38098e-06 7.86607e-06 6.00532e-06
541 6.37375e-06 7.09851e-06 6.00532e-06
542 6.35379e-06 6.88336e-06 6.00532e-06
543 6.37682e-06 6.5385e-06 6.00532e-06
544 6.33261e-06 7.30492e-06 6.00532e-06
545 6.46296e-06 6.09417e-06 6.00532e-06
546 6.30179e-06 6.18161e-06 6.00532e-06
547 6.33654e-06 5.98328e-06 6.00532e-06
548 6.26306e-06 8.01602e-06 5.98328e-06
549 6.23006e-06 6.17252e-06 5.98328e-06
550 6.23215e-06 6.21449e-06 5.98328e-06
551 6.21887e-06 6.84462e-06 5.98328e-06
552 6.24738e-06 5.97246e-06 5.98328e-06
553 6.27304e-06 6.02512e-06 5.97246e-06
554 6.22428e-06 5.88457e-06 5.97246e-06
555 6.2174e-06 7.93928e-06 5.88457e-06
556 6.1593e-06 6.00227e-06 5.88457e-06
557 6.15022e-06 8.97487e-06 5.88457e-06
558 6.34465e-06 8.1932e-06 5.88457e-06
559 6.23555e-06 6.39472e-06 5.88457e-06
560 6.12322e-06 5.88672e-06 5.88457e-06
561 6.13276e-06 5.95466e-06 5.88457e-06
562 6.19654e-06 6.13269e-06 5.88457e-06
563 6.14125e-06 5.78307e-06 5.88457e-06
564 6.13456e-06 7.12584e-06 5.78307e-06
565 6.13197e-06 7.39775e-06 5.78307e-06
566 6.09405e-06 5.92343e-06 5.78307e-06
567 6.07095e-06 5.84291e-06 5.78307e-06
568 6.06798e-06 6.0143e-06 5.78307e-06
569 6.03237e-06 6.00398e-06 5.78307e-06
570 6.04205e-06 8.26423e-06 5.78307e-06
571 6.11994e-06 5.89042e-06 5.78307e-06
572 6.07319e-06 5.74949e-06 5.78307e-06
573 6.05375e-06 5.92903e-06 5.74949e-06
574 6.01272e-06 5.79087e-06 5.74949e-06
575 6.04015e-06 6.3252e-06 5.74949e-06
576 6.06797e-06 5.73537e-06 5.74949e-06
577 5.99475e-06 8.33127e-06 5.73537e-06
578 6.02109e-06 5.61725e-06 5.73537e-06
579 6.02651e-06 6.1782e-06 5.61725e-06
580 5.99462e-06 9.96302e-06 5.61725e-06
581 6.06244e-06 7.02964e-06 5.61725e-06
582 6.00426e-06 7.9774e-06 5.61725e-06
583 5.96096e-06 6.00232e-06 5.61725e-06
584 5.9636e-06 9.95492e-06 5.61725e-06
585 5.99737e-06 5.64211e-06 5.61725e-06
586 5.95029e-06 8.09026e-06 5.61725e-06
587 5.9852e-06 5.9747e-06 5.61725e-06
588 5.95918e-06 6.09994e-06 5.61725e-06
589 5.94468e-06 6.68768e-06 5.61725e-06
590 5.94089e-06 5.71258e-06 5.61725e-06
591 5.9387e-06 6.70344e-06 5.61725e-06
592 5.94388e-06 7.14957e-06 5.61725e-06
593 5.93018e-06 5.94574e-06 5.61725e-06
594 5.91844e-06 5.78705e-06 5.61725e-06
595 5.88316e-06 6.49999e-06 5.61725e-06
596 5.97584e-06 5.96593e-06 5.61725e-06
597 5.86685e-06 7.54309e-06 5.61725e-06
598 5.97991e-06 7.99957e-06 5.61725e-06
599 5.912e-06 1.05684e-05 5.61725e-06
600 5.94749e-06 6.0202e-06 5.61725e-06
601 5.90964e-06 5.54627e-06 5.61725e-06
602 5.87596e-06 5.79264e-06 5.54627e-06
603 5.8738e-06 7.16531e-06 5.54627e-06
604 5.88896e-06 6.57464e-06 5.54627e-06
605 5.86931e-06 7.04648e-06 5.54627e-06
606 5.85551e-06 8.98763e-06 5.54627e-06
607 5.89186e-06 7.01213e-06 5.54627e-06
608 5.96745e-06 5.7069e-06 5.54627e-06
609 5.85983e-06 5.79699e-06 5.54627e-06
610 5.8316e-06 1.04973e-05 5.54627e-06
611 5.81708e-06 5.73691e-06 5.54627e-06
612 5.81971e-06 5.9658e-06 5.54627e-06
613 5.84154e-06 8.27875e-06 5.54627e-06
614 5.79838e-06 5.69555e-06 5.54627e-06
615 5.79967e-06 5.76811e-06 5.54627e-06
616 5.79708e-06 5.73812e-06 5.54627e-06
617 5.81755e-06 6.04675e-06 5.54627e-06
618 5.79986e-06 5.9647e-06 5.54627e-06
619 5.75119e-06 6.27078e-06 5.54627e-06
620 5.7785e-06 6.0981e-06 5.54627e-06
621 5.78452e-06 5.98092e-06 5.54627e-06
622 5.77765e-06 6.87405e-06 5.54627e-06
623 5.76255e-06 5.93151e-06 5.54627e-06
624 5.79702e-06 6.07765e-06 5.54627e-06
625 5.79548e-06 5.78184e-06 5.54627e-06
626 5.73733e-06 6.31006e-06 5.54627e-06
627 5.76199e-06 5.73324e-06 5.54627e-06
628 5.78541e-06 6.82331e-06 5.54627e-06
629 5.7517e-06 6.01821e-06 5.54627e-06
630 5.73551e-06 7.31459e-06 5.54627e-06
631 5.76317e-06 6.78527e-06 5.54627e-06
632 5.75044e-06 6.95293e-06 5.54627e-06
633 5.77558e-06 1.10202e-05 5.54627e-06
634 5.77168e-06 6.46779e-06 5.54627e-06
635 5.73653e-06 1.32086e-05 5.54627e-06
636 5.73783e-06 7.0561e-06 5.54627e-06
637 5.69746e-06 6.41056e-06 5.54627e-06
638 5.70151e-06 6.95679e-06 5.54627e-06
639 5.74016e-06 5.92625e-06 5.54627e-06
640 5.70886e-06 5.46324e-06 5.54627e-06
641 5.70742e-06 1.51018e-05 5.46324e-06
642 5.69573e-06 6.29289e-06 5.46324e-06
643 5.69325e-06 5.89863e-06 5.46324e-06
644 5.75158e-06 5.6228e-06 5.46324e-06
645 5.69957e-06 7.89596e-06 5.46324e-06
646 5.67946e-06 5.56158e-06 5.46324e-06
647 5.66075e-06 5.70149e-06 5.46324e-06
648 5.6777e-06 6.56705e-06 5.46324e-06
649 5.70314e-06 5.72431e-06 5.46324e-06
650 5.62592e-06 7.38718e-06 5.46324e-06
651 5.65405e-06 5.88689e-06 5.46324e-06
652 5.69763e-06 6.16293e-06 5.46324e-06
653 5.66162e-06 5.99834e-06 5.46324e-06
654 5.64763e-06 7.42472e-06 5.46324e-06
655 5.65903e-06 5.48201e-06 5.46324e-06
656 5.63896e-06 7.25396e-06 5.46324e-06
657 5.72187e-06 5.38092e-06 5.46324e-06
658 5.62344e-06 6.59469e-06 5.38092e-06
659 5.64807e-06 6.89623e-06 5.38092e-06
660 5.64886e-06 7.07456e-06 5.38092e-06
661 5.64262e-06 5.39208e-06 5.38092e-06
662 5.633e-06 5.77624e-06 5.38092e-06
663 5.62433e-06 5.79657e-06 5.38092e-06
664 5.61719e-06 5.40085e-06 5.38092e-06
665 5.63105e-06 7.12131e-06 5.38092e-06
666 5.59349e-06 6.23715e-06 5.38092e-06
667 5.59603e-06 6.14332e-06 5.38092e-06
668 5.59366e-06 6.70902e-06 5.38092e-06
669 5.60628e-06 6.90347e-06 5.38092e-06
670 5.67129e-06 9.85424e-06 5.38092e-06
671 5.63853e-06 7.9366e-06 5.38092e-06
672 5.61469e-06 5.67434e-06 5.38092e-06
673 5.69258e-06 7.33457e-06 5.38092e-06
674 5.60389e-06 5.99474e-06 5.38092e-06
675 5.57544e-06 6.97942e-06 5.38092e-06
676 5.59386e-06 6.05395e-06 5.38092e-06
677 5.61598e-06 5.37703e-06 5.38092e-06
678 5.56629e-06 5.76188e-06 5.37703e-06
679 5.61969e-06 7.57654e-06 5.37703e-06
680 5.59285e-06 7.99126e-06 5.37703e-06
681 5.55836e-06 5.4301e-06 5.37703e-06
682 5.58448e-06 7.73048e-06 5.37703e-06
683 5.57511e-06 5.30972e-06 5.37703e-06
684 5.53299e-06 5.48289e-06 5.30972e-06
685 5.5473e-06 8.55737e-06 5.30972e-06
686 5.54437e-06 5.26617e-06 5.30972e-06
687 5.53563e-06 5.21636e-06 5.26617e-06
688 5.54024e-06 5.94874e-06 5.21636e-06
689 5.5239e-06 5.52707e-06 5.21636e-06
690 5.64898e-06 5.56371e-06 5.21636e-06
691 5.67722e-06 5.26875e-06 5.21636e-06
692 5.50232e-06 5.37014e-06 5.21636e-06
693 5.58201e-06 5.46832e-06 5.21636e-06
694 5.52329e-06 6.24865e-06 5.21636e-06
695 5.5179e-06 7.5553e-06 5.21636e-06
696 5.5728e-06 5.66131e-06 5.21636e-06
697 5.65188e-06 6.59325e-06 5.21636e-06
698 5.54226e-06 5.49275e-06 5.21636e-06
699 5.53012e-06 5.39998e-06 5.21636e-06
700 5.52103e-06 5.54363e-06 5.21636e-06
701 5.50712e-06 5.48642e-06 5.21636e-06
702 5.54539e-06 7.4062e-06 5.21636e-06
703 5.51049e-06 8.52491e-06 5.21636e-06
704 5.48609e-06 5.37445e-06 5.21636e-06
705 5.49115e-06 6.17543e-06 5.21636e-06
706 5.5217e-06 6.8183e-06 5.21636e-06
707 5.53972e-06 5.62315e-06 5.21636e-06
708 5.51058e-06 5.40177e-06 5.21636e-06
709 5.48722e-06 7.24264e-06 5.21636e-06
710 5.54304e-06 7.97096e-06 5.21636e-06
711 5.46542e-06 8.02127e-06 5.21636e-06
712 5.47243e-06 5.21435e-06 5.21636e-06
713 5.48388e-06 5.18615e-06 5.21435e-06
714 5.49309e-06 5.26454e-06 5.18615e-06
715 5.4801e-06 5.68403e-06 5.18615e-06
716 5.49118e-06 5.49653e-06 5.18615e-06
717 5.50612e-06 1.20399e-05 5.18615e-06
718 5.53256e-06 9.09229e-06 5.18615e-06
719 5.49686e-06 6.51087e-06 5.18615e-06
720 5.44766e-06 5.20571e-06 5.18615e-06
721 5.46747e-06 5.94182e-06 5.18615e-06
722 5.49047e-06 5.96636e-06 5.18615e-06
723 5.49718e-06 8.85765e-06 5.18615e-06
724 5.46935e-06 5.4037e-06 5.18615e-06
725 5.50404e-06 5.65897e-06 5.18615e-06
726 5.45731e-06 5.74226e-06 5.18615e-06
727 5.48048e-06 5.22284e-06 5.18615e-06
728 5.42301e-06 7.08109e-06 5.18615e-06
729 5.48736e-06 6.82228e-06 5.18615e-06
730 5.4266e-06 5.85819e-06 5.18615e-06
731 5.458e-06 5.56793e-06 5.18615e-06
732 5.45292e-06 6.02729e-06 5.18615e-06
733 5.42038e-06 5.4746e-06 5.18615e-06
734 5.44389e-06 5.16834e-06 5.18615e-06
735 5.43249e-06 5.29598e-06 5.16834e-06
736 5.39524e-06 5.30955e-06 5.16834e-06
737 5.39934e-06 5.33084e-06 5.16834e-06
738 5.43196e-06 5.35048e-06 5.16834e-06
739 5.42025e-06 5.46127e-06 5.16834e-06
740 5.46829e-06 5.82167e-06 5.16834e-06
741 5.41234e-06 5.12888e-06 5.16834e-06
742 5.42879e-06 5.66656e-06 5.12888e-06
743 5.39645e-06 5.45703e-06 5.12888e-06
744 5.43723e-06 5.86561e-06 5.12888e-06
745 5.40463e-06 5.48642e-06 5.12888e-06
746 5.42616e-06 5.27898e-06 5.12888e-06
747 5.41975e-06 8.971e-06 5.12888e-06
748 5.43615e-06 5.93845e-06 5.12888e-06
749 5.37778e-06 6.90303e-06 5.12888e-06
750 5.42091e-06 6.0201e-06 5.12888e-06
751 5.39107e-06 5.19477e-06 5.12888e-06
752 5.40738e-06 5.41292e-06 5.12888e-06
753 5.42877e-06 8.41303e-06 5.12888e-06
754 5.3857e-06 5.26216e-06 5.12888e-06
755 5.39783e-06 7.25791e-06 5.12888e-06
756 5.41143e-06 8.76305e-06 5.12888e-06
757 5.40167e-06 5.40588e-06 5.12888e-06
758 5.43826e-06 5.44325e-06 5.12888e-06
759 5.35552e-06 5.20317e-06 5.12888e-06
760 5.39604e-06 7.93973e-06 5.12888e-06
761 5.41297e-06 5.16239e-06 5.12888e-06
762 5.40183e-06 5.37553e-06 5.12888e-06
763 5.44481e-06 5.42256e-06 5.12888e-06
764 5.36186e-06 5.88228e-06 5.12888e-06
765 5.39228e-06 7.02012e-06 5.12888e-06
766 5.35962e-06 5.92853e-06 5.12888e-06
767 5.37501e-06 6.00286e-06 5.12888e-06
768 5.36596e-06 5.43069e-06 5.12888e-06
769 5.45213e-06 6.0435e-06 5.12888e-06
770 5.38395e-06 5.20431e-06 5.12888e-06
771 5.32635e-06 5.61369e-06 5.12888e-06
772 5.35012e-06 5.1534e-06 5.12888e-06
773 5.35754e-06 5.13031e-06 5.12888e-06
774 5.33576e-06 5.37159e-06 5.12888e-06
775 5.31485e-06 5.10013e-06 5.12888e-06
776 5.33085e-06 1.16901e-05 5.10013e-06
777 5.38015e-06 6.0686e-06 5.10013e-06
778 5.34184e-06 1.05908e-05 5.10013e-06
779 5.35475e-06 6.40136e-06 5.10013e-06
780 5.33907e-06 5.3688e-06 5.10013e-06
781 5.35966e-06 1.09995e-05 5.10013e-06
782 5.36951e-06 5.53097e-06 5.10013e-06
783 5.327e-06 5.61804e-06 5.10013e-06
784 5.37147e-06 5.07089e-06 5.10013e-06
785 5.33098e-06 5.16476e-06 5.07089e-06
786 5.33832e-06 8.12844e-06 5.07089e-06
787 5.32303e-06 6.35549e-06 5.07089e-06
788 5.34517e-06 5.32829e-06 5.07089e-06
789 5.37533e-06 5.21357e-06 5.07089e-06
790 5.28241e-06 5.13273e-06 5.07089e-06
791 5.29953e-06 5.40739e-06 5.07089e-06
792 5.32632e-06 5.18849e-06 5.07089e-06
793 5.27848e-06 6.76485e-06 5.07089e-06
794 5.31951e-06 5.20224e-06 5.07089e-06
795 5.30792e-06 6.77158e-06 5.07089e-06
796 5.2932e-06 6.25768e-06 5.07089e-06
797 5.39444e-06 6.73458e-06 5.07089e-06
798 5.31496e-06 5.47921e-06 5.07089e-06
799 5.34196e-06 5.71515e-06 5.07089e-06
800 5.28988e-06 5.15712e-06 5.07089e-06
801 5.29472e-06 5.85311e-06 5.07089e-06
802 5.30061e-06 5.2736e-06 5.07089e-06
803 5.2681e-06 5.21314e-06 5.07089e-06
804 5.27393e-06 8.52253e-06 5.07089e-06
805 5.52037e-06 5.59055e-06 5.07089e-06
806 5.35726e-06 5.72135e-06 5.07089e-06
807 5.32819e-06 1.09154e-05 5.07089e-06
808 5.27336e-06 5.22471e-06 5.07089e-06
809 5.29885e-06 5.86344e-06 5.07089e-06
810 5.33315e-06 5.5855e-06 5.07089e-06
811 5.29435e-06 5.05822e-06 5.07089e-06
812 5.24106e-06 5.08832e-06 5.05822e-06
813 5.2965e-06 6.48803e-06 5.05822e-06
814 5.28567e-06 5.00761e-06 5.05822e-06
815 5.26367e-06 5.30062e-06 5.00761e-06
816 5.27382e-06 5.02796e-06 5.00761e-06
817 5.28392e-06 5.15938e-06 5.00761e-06
818 5.25193e-06 5.00763e-06 5.00761e-06
819 5.28713e-06 5.02721e-06 5.00761e-06
820 5.2579e-06 4.93117e-06 5.00761e-06
821 5.24669e-06 5.41987e-06 4.93117e-06
822 5.28825e-06 5.26025e-06 4.93117e-06
823 5.25166e-06 5.42809e-06 4.93117e-06
824 5.26901e-06 5.85413e-06 4.93117e-06
825 5.28045e-06 7.02188e-06 4.93117e-06
826 5.22647e-06 6.93461e-06 4.93117e-06
827 5.24449e-06 6.23416e-06 4.93117e-06
828 5.24124e-06 5.11055e-06 4.93117e-06
829 5.22715e-06 5.07555e-06 4.93117e-06
830 5.2498e-06 5.76294e-06 4.93117e-06
831 5.20537e-06 6.16776e-06 4.93117e-06
832 5.2796e-06 5.11657e-06 4.93117e-06
833 5.22514e-06 5.08502e-06 4.93117e-06
834 5.23251e-06 5.13812e-06 4.93117e-06
835 5.2423e-06 7.91741e-06 4.93117e-06
836 5.22686e-06 5.13447e-06 4.93117e-06
837 5.23723e-06 5.09097e-06 4.93117e-06
838 5.20094e-06 5.08636e-06 4.93117e-06
839 5.2269e-06 5.67553e-06 4.93117e-06
840 5.22183e-06 5.15311e-06 4.93117e-06
841 5.23005e-06 4.96379e-06 4.93117e-06
842 5.21442e-06 5.79603e-06 4.93117e-06
843 5.22595e-06 6.13967e-06 4.93117e-06
844 5.18212e-06 5.06264e-06 4.93117e-06
845 5.24707e-06 5.7034e-06 4.93117e-06
846 5.19934e-06 6.17026e-06 4.93117e-06
847 5.20856e-06 5.88942e-06 4.93117e-06
848 5.19384e-06 6.19826e-06 4.93117e-06
849 5.22851e-06 5.19361e-06 4.93117e-06
850 5.22475e-06 7.50152e-06 4.93117e-06
851 5.20691e-06 5.04673e-06 4.93117e-06
852 5.20657e-06 5.81826e-06 4.93117e-06
853 5.23208e-06 5.27929e-06 4.93117e-06
854 5.23999e-06 5.31053e-06 4.93117e-06
855 5.18556e-06 7.15205e-06 4.93117e-06
856 5.19873e-06 5.4192e-06 4.93117e-06
857 5.2111e-06 7.08219e-06 4.93117e-06
858 5.20769e-06 6.95516e-06 4.93117e-06
859 5.20967e-06 5.29296e-06 4.93117e-06
860 5.17197e-06 5.95799e-06 4.93117e-06
861 5.17937e-06 1.03823e-05 4.93117e-06
862 5.19386e-06 5.18319e-06 4.93117e-06
863 5.18132e-06 5.42355e-06 4.93117e-06
864 5.21408e-06 5.12637e-06 4.93117e-06
865 5.20274e-06 4.91244e-06 4.93117e-06
866 5.20665e-06 5.85421e-06 4.91244e-06
867 5.17951e-06 1.10136e-05 4.91244e-06
868 5.20043e-06 5.08574e-06 4.91244e-06
869 5.1993e-06 6.04363e-06 4.91244e-06
870 5.18223e-06 4.95976e-06 4.91244e-06
871 5.1947e-06 5.07064e-06 4.91244e-06
872 5.18793e-06 9.30108e-06 4.91244e-06
873 5.17295e-06 5.40588e-06 4.91244e-06
874 5.19782e-06 5.89545e-06 4.91244e-06
875 5.18066e-06 5.15069e-06 4.91244e-06
876 5.16228e-06 9.21698e-06 4.91244e-06
877 5.20552e-06 5.17091e-06 4.91244e-06
878 5.20364e-06 5.0882e-06 4.91244e-06
879 5.14504e-06 5.42144e-06 4.91244e-06
880 5.18256e-06 9.307e-06 4.91244e-06
881 5.16844e-06 5.00941e-06 4.91244e-06
882 5.16174e-06 5.62803e-06 4.91244e-06
883 5.16438e-06 7.08669e-06 4.91244e-06
884 5.20396e-06 4.80685e-06 4.91244e-06
885 5.15067e-06 4.96942e-06 4.80685e-06
886 5.15148e-06 5.00449e-06 4.80685e-06
887 5.19752e-06 4.76706e-06 4.80685e-06
888 5.15652e-06 8.68382e-06 4.76706e-06
889 5.14954e-06 5.13442e-06 4.76706e-06
890 5.17435e-06 5.52441e-06 4.76706e-06
891 5.1719e-06 5.15395e-06 4.76706e-06
892 5.18866e-06 5.18329e-06 4.76706e-06
893 5.18257e-06 5.74842e-06 4.76706e-06
894 5.16614e-06 5.11248e-06 4.76706e-06
895 5.14053e-06 7.6732e-06 4.76706e-06
896 5.14182e-06 4.95406e-06 4.76706e-06
897 5.17601e-06 4.86148e-06 4.76706e-06
898 5.12269e-06 8.39673e-06 4.76706e-06
899 5.15673e-06 4.81174e-06 4.76706e-06
900 5.17394e-06 5.38376e-06 4.76706e-06
901 5.19589e-06 5.25407e-06 4.76706e-06
902 5.17925e-06 5.32667e-06 4.76706e-06
903 5.17708e-06 4.86335e-06 4.76706e-06
904 5.13129e-06 5.00299e-06 4.76706e-06
905 5.14478e-06 5.06531e-06 4.76706e-06
906 5.1593e-06 5.28788e-06 4.76706e-06
907 5.16841e-06 6.9466e-06 4.76706e-06
908 5.13949e-06 4.99564e-06 4.76706e-06
909 5.10889e-06 7.47507e-06 4.76706e-06
910 5.26956e-06 8.488e-06 4.76706e-06
911 5.18829e-06 5.90264e-06 4.76706e-06
912 5.12851e-06 4.90736e-06 4.76706e-06
913 5.12237e-06 5.23398e-06 4.76706e-06
914 5.12911e-06 4.94219e-06 4.76706e-06
915 5.13011e-06 5.5644e-06 4.76706e-06
916 5.10768e-06 5.13905e-06 4.76706e-06
917 5.21841e-06 5.41017e-06 4.76706e-06
918 5.11935e-06 4.86096e-06 4.76706e-06
919 5.1054e-06 5.25137e-06 4.76706e-06
920 5.06863e-06 5.01407e-06 4.76706e-06
921 5.08665e-06 7.93251e-06 4.76706e-06
922 5.17334e-06 4.94587e-06 4.76706e-06
923 5.12361e-06 1.13548e-05 4.76706e-06
924 5.1319e-06 5.094e-06 4.76706e-06
925 5.12105e-06 8.37519e-06 4.76706e-06
926 5.12355e-06 4.94378e-06 4.76706e-06
927 5.07035e-06 5.18927e-06 4.76706e-06
928 5.13919e-06 5.23313e-06 4.76706e-06
929 5.12069e-06 6.63711e-06 4.76706e-06
930 5.0962e-06 9.9037e-06 4.76706e-06
931 5.10251e-06 9.97696e-06 4.76706e-06
932 5.13758e-06 5.64454e-06 4.76706e-06
933 5.1272e-06 5.75849e-06 4.76706e-06
934 5.0943e-06 6.21586e-06 4.76706e-06
935 5.05335e-06 4.85621e-06 4.76706e-06
936 5.10481e-06 5.08747e-06 4.76706e-06
937 5.10335e-06 5.84783e-06 4.76706e-06
938 5.07098e-06 5.03161e-06 4.76706e-06
939 5.10047e-06 8.59704e-06 4.76706e-06
940 5.11185e-06 6.44526e-06 4.76706e-06
941 5.09391e-06 4.77631e-06 4.76706e-06
942 5.10369e-06 6.5451e-06 4.76706e-06
943 5.07042e-06 1.32335e-05 4.76706e-06
944 5.08062e-06 5.00133e-06 4.76706e-06
945 5.0785e-06 6.05626e-06 4.76706e-06
946 5.06929e-06 5.05939e-06 4.76706e-06
947 5.09081e-06 4.83255e-06 4.76706e-06
948 5.08458e-06 6.57196e-06 4.76706e-06
949 5.06459e-06 5.58893e-06 4.76706e-06
950 5.11309e-06 6.07931e-06 4.76706e-06
951 5.0619e-06 7.53398e-06 4.76706e-06
952 5.08842e-06 8.18516e-06 4.76706e-06
953 5.05488e-06 4.87217e-06 4.76706e-06
954 5.08038e-06 8.10785e-06 4.76706e-06
955 5.09289e-06 1.13511e-05 4.76706e-06
956 5.04133e-06 6.25012e-06 4.76706e-06
957 5.0556e-06 5.17008e-06 4.76706e-06
958 5.05161e-06 7.17274e-06 4.76706e-06
959 5.06932e-06 5.47588e-06 4.76706e-06
960 5.03234e-06 6.68593e-06 4.76706e-06
961 5.0161e-06 5.10007e-06 4.76706e-06
962 5.05915e-06 6.00091e-06 4.76706e-06
963 5.04112e-06 5.28439e-06 4.76706e-06
964 5.06068e-06 4.84187e-06 4.76706e-06
965 5.44267e-06 5.44724e-06 4.76706e-06
966 5.12305e-06 4.84759e-06 4.76706e-06
967 5.12348e-06 7.16298e-06 4.76706e-06
968 5.0246e-06 5.89402e-06 4.76706e-06
969 5.0816e-06 5.76304e-06 4.76706e-06
970 5.04847e-06 5.03585e-06 4.76706e-06
971 5.06766e-06 5.00551e-06 4.76706e-06
972 5.0885e-06 6.213e-06 4.76706e-06
973 5.04267e-06 9.71074e-06 4.76706e-06
974 5.07362e-06 5.2857e-06 4.76706e-06
975 5.04487e-06 4.88227e-06 4.76706e-06
976 5.0211e-06 6.47228e-06 4.76706e-06
977 5.02797e-06 4.88263e-06 4.76706e-06
978 5.0535e-06 4.93882e-06 4.76706e-06
979 5.01259e-06 4.83414e-06 4.76706e-06
980 5.06489e-06 6.73731e-06 4.76706e-06
981 5.06202e-06 5.11895e-06 4.76706e-06
982 5.05142e-06 6.85037e-06 4.76706e-06
983 5.02513e-06 4.87104e-06 4.76706e-06
984 5.04312e-06 6.10203e-06 4.76706e-06
985 5.03301e-06 1.06544e-05 4.76706e-06
986 5.02762e-06 5.19218e-06 4.76706e-06
987 5.06142e-06 4.89509e-06 4.76706e-06
988 3.9187e-06 4.80364e-06 4.76706e-06
989 3.9146e-06 4.56025e-06 4.76706e-06
990 3.92242e-06 5.12937e-06 4.56025e-06
991 3.91055e-06 4.77685e-06 4.56025e-06
992 3.92165e-06 4.78147e-06 4.56025e-06
993 3.93264e-06 4.66997e-06 4.56025e-06
994 3.91567e-06 5.11073e-06 4.56025e-06
995 3.91022e-06 4.59756e-06 4.56025e-06
996 3.9097e-06 4.79014e-06 4.56025e-06
997 3.91671e-06 4.6931e-06 4.56025e-06
998 3.91659e-06 4.57773e-06 4.56025e-06
999 3.91406e-06 4.57985e-06 4.56025e-06
1000 3.92439e-06 4.63226e-06 4.56025e-06
1001 3.90656e-06 4.70239e-06 4.56025e-06
1002 3.90597e-06 4.71718e-06 4.56025e-06
1003 3.90836e-06 4.75516e-06 4.56025e-06
1004 3.88526e-06 4.53579e-06 4.56025e-06
1005 3.89052e-06 4.56202e-06 4.53579e-06
1006 3.88008e-06 4.81518e-06 4.53579e-06
1007 3.90829e-06 5.29008e-06 4.53579e-06
1008 3.89917e-06 4.73128e-06 4.53579e-06
1009 3.86953e-06 4.54614e-06 4.53579e-06
1010 3.87968e-06 4.76065e-06 4.53579e-06
1011 3.88727e-06 4.78777e-06 4.53579e-06
1012 3.88302e-06 4.5588e-06 4.53579e-06
1013 3.88289e-06 4.83027e-06 4.53579e-06
1014 3.88026e-06 4.59352e-06 4.53579e-06
1015 3.86324e-06 4.63452e-06 4.53579e-06
1016 3.86908e-06 4.57739e-06 4.53579e-06
1017 3.88497e-06 4.70967e-06 4.53579e-06
1018 3.87077e-06 4.95608e-06 4.53579e-06
1019 3.88218e-06 4.55211e-06 4.53579e-06
1020 3.87325e-06 5.42635e-06 4.53579e-06
1021 3.89091e-06 4.68992e-06 4.53579e-06
1022 3.86648e-06 4.72472e-06 4.53579e-06
1023 3.8656e-06 5.47358e-06 4.53579e-06
1024 3.85478e-06 4.76567e-06 4.53579e-06
1025 3.89296e-06 4.63574e-06 4.53579e-06
1026 3.85032e-06 4.68077e-06 4.53579e-06
1027 3.87222e-06 5.46789e-06 4.53579e-06
1028 3.86045e-06 4.61722e-06 4.53579e-06
1029 3.86423e-06 4.80863e-06 4.53579e-06
1030 3.85316e-06 4.76935e-06 4.53579e-06
1031 3.86792e-06 4.74844e-06 4.53579e-06
1032 3.86976e-06 4.75214e-06 4.53579e-06
1033 3.84148e-06 4.63213e-06 4.53579e-06
1034 3.86218e-06 4.59658e-06 4.53579e-06
1035 3.84452e-06 5.0539e-06 4.53579e-06
1036 3.86224e-06 4.60516e-06 4.53579e-06
1037 3.87131e-06 4.56713e-06 4.53579e-06
1038 3.86522e-06 4.7257e-06 4.53579e-06
1039 3.86347e-06 4.514e-06 4.53579e-06
1040 3.85278e-06 4.78579e-06 4.514e-06
1041 3.8341e-06 4.57664e-06 4.514e-06
1042 3.8842e-06 4.58838e-06 4.514e-06
1043 3.84692e-06 4.51201e-06 4.514e-06
1044 3.8677e-06 4.45297e-06 4.51201e-06
1045 3.85993e-06 4.84725e-06 4.45297e-06
1046 3.85091e-06 4.63043e-06 4.45297e-06
1047 3.8611e-06 4.591e-06 4.45297e-06
1048 3.8518e-06 5.32112e-06 4.45297e-06
1049 3.85086e-06 4.55525e-06 4.45297e-06
1050 3.85552e-06 4.48216e-06 4.45297e-06
1051 3.84622e-06 4.46646e-06 4.45297e-06
1052 3.85936e-06 4.64548e-06 4.45297e-06
1053 3.83306e-06 4.86102e-06 4.45297e-06
1054 3.84646e-06 4.651e-06 4.45297e-06
1055 3.8488e-06 4.67397e-06 4.45297e-06
1056 3.83835e-06 4.58201e-06 4.45297e-06
1057 3.83133e-06 4.424e-06 4.45297e-06
1058 3.84312e-06 4.64037e-06 4.424e-06
1059 3.8307e-06 4.56399e-06 4.424e-06
1060 3.84426e-06 4.60715e-06 4.424e-06
1061 3.84533e-06 4.53409e-06 4.424e-06
1062 3.85047e-06 4.74281e-06 4.424e-06
1063 3.83189e-06 4.87168e-06 4.424e-06
1064 3.84051e-06 4.5334e-06 4.424e-06
1065 3.84595e-06 4.77504e-06 4.424e-06
1066 3.84787e-06 4.56195e-06 4.424e-06
1067 3.83145e-06 4.55804e-06 4.424e-06
1068 3.84247e-06 4.70444e-06 4.424e-06
1069 3.8478e-06 4.58261e-06 4.424e-06
1070 3.8456e-06 4.6375e-06 4.424e-06
1071 3.84591e-06 4.57914e-06 4.424e-06
1072 3.83743e-06 4.51097e-06 4.424e-06
1073 3.8321e-06 4.58307e-06 4.424e-06
1074 3.82873e-06 4.53949e-06 4.424e-06
1075 3.83106e-06 4.76867e-06 4.424e-06
1076 3.83e-06 4.62723e-06 4.424e-06
1077 3.83646e-06 4.54472e-06 4.424e-06
1078 3.81363e-06 4.69124e-06 4.424e-06
1079 3.8356e-06 4.68723e-06 4.424e-06
1080 3.80662e-06 4.62265e-06 4.424e-06
1081 3.8396e-06 4.51177e-06 4.424e-06
1082 3.83895e-06 4.57292e-06 4.424e-06
1083 3.83292e-06 4.46196e-06 4.424e-06
1084 3.82072e-06 4.56076e-06 4.424e-06
1085 3.82047e-06 4.59063e-06 4.424e-06
1086 3.837e-06 4.80265e-06 4.424e-06
1087 3.81477e-06 5.89804e-06 4.424e-06
1088 3.82411e-06 4.46541e-06 4.424e-06
1089 3.82533e-06 4.52241e-06 4.424e-06
1090 3.81548e-06 4.64098e-06 4.424e-06
1091 3.81061e-06 4.50336e-06 4.424e-06
1092 3.83788e-06 4.71044e-06 4.424e-06
1093 3.8157e-06 4.60626e-06 4.424e-06
1094 3.827e-06 4.55202e-06 4.424e-06
1095 3.83351e-06 4.94435e-06 4.424e-06
1096 3.82067e-06 4.51337e-06 4.424e-06
1097 3.80629e-06 4.48701e-06 4.424e-06
1098 3.80572e-06 4.45806e-06 4.424e-06
1099 3.82598e-06 4.97517e-06 4.424e-06
1100 3.81161e-06 4.66133e-06 4.424e-06
1101 3.81881e-06 4.47749e-06 4.424e-06
1102 3.82256e-06 4.50197e-06 4.424e-06
1103 3.80197e-06 4.61571e-06 4.424e-06
1104 3.79184e-06 4.80757e-06 4.424e-06
1105 3.79644e-06 5.08279e-06 4.424e-06
1106 3.80932e-06 4.68206e-06 4.424e-06
1107 3.81576e-06 4.97315e-06 4.424e-06
1108 3.80375e-06 4.48901e-06 4.424e-06
1109 3.81241e-06 4.8017e-06 4.424e-06
1110 3.79736e-06 4.52239e-06 4.424e-06
1111 3.80382e-06 4.67866e-06 4.424e-06
1112 3.80162e-06 4.59365e-06 4.424e-06
1113 3.79587e-06 4.57311e-06 4.424e-06
1114 3.80647e-06 4.42311e-06 4.424e-06
1115 3.80294e-06 4.53406e-06 4.42311e-06
1116 3.80219e-06 4.73129e-06 4.42311e-06
1117 3.78895e-06 4.63957e-06 4.42311e-06
1118 3.79836e-06 5.20371e-06 4.42311e-06
1119 3.80677e-06 4.46212e-06 4.42311e-06
1120 3.78935e-06 4.6236e-06 4.42311e-06
1121 3.79111e-06 4.67185e-06 4.42311e-06
1122 3.80399e-06 4.76954e-06 4.42311e-06
1123 3.80624e-06 5.15142e-06 4.42311e-06
1124 3.81097e-06 4.62046e-06 4.42311e-06
1125 3.80207e-06 4.63511e-06 4.42311e-06
1126 3.79106e-06 4.61726e-06 4.42311e-06
1127 3.80818e-06 4.48227e-06 4.42311e-06
1128 3.78609e-06 4.4897e-06 4.42311e-06
1129 3.80644e-06 4.57161e-06 4.42311e-06
1130 3.79074e-06 4.60442e-06 4.42311e-06
1131 3.79208e-06 4.46358e-06 4.42311e-06
1132 3.81595e-06 4.43919e-06 4.42311e-06
1133 3.79831e-06 4.5141e-06 4.42311e-06
1134 3.80162e-06 4.5218e-06 4.42311e-06
1135 3.78406e-06 4.66101e-06 4.42311e-06
1136 3.79374e-06 4.61257e-06 4.42311e-06
1137 3.80467e-06 4.52162e-06 4.42311e-06
1138 3.80018e-06 4.54646e-06 4.42311e-06
1139 3.79345e-06 4.55552e-06 4.42311e-06
1140 3.79226e-06 4.93715e-06 4.42311e-06
1141 3.79798e-06 5.15217e-06 4.42311e-06
1142 3.78107e-06 4.61945e-06 4.42311e-06
1143 3.8046e-06 4.72369e-06 4.42311e-06
1144 3.77972e-06 4.47126e-06 4.42311e-06
1145 3.76696e-06 4.55327e-06 4.42311e-06
1146 3.80157e-06 4.63867e-06 4.42311e-06
1147 3.7995e-06 4.74392e-06 4.42311e-06
1148 3.79021e-06 4.50977e-06 4.42311e-06
1149 3.77185e-06 4.72857e-06 4.42311e-06
1150 3.78065e-06 4.56644e-06 4.42311e-06
1151 3.7626e-06 4.68904e-06 4.42311e-06
1152 3.77769e-06 4.44828e-06 4.42311e-06
1153 3.79213e-06 4.54645e-06 4.42311e-06
1154 3.76998e-06 4.54332e-06 4.42311e-06
1155 3.78043e-06 4.60112e-06 4.42311e-06
1156 3.78335e-06 4.76957e-06 4.42311e-06
1157 3.78062e-06 4.49519e-06 4.42311e-06
1158 3.78365e-06 4.57892e-06 4.42311e-06
1159 3.76722e-06 4.93478e-06 4.42311e-06
1160 3.78272e-06 4.49279e-06 4.42311e-06
1161 3.76949e-06 4.93981e-06 4.42311e-06
1162 3.79035e-06 4.78595e-06 4.42311e-06
1163 3.77943e-06 4.63966e-06 4.42311e-06
1164 3.7812e-06 4.50157e-06 4.42311e-06
1165 3.76215e-06 4.67317e-06 4.42311e-06
1166 3.77629e-06 4.39613e-06 4.42311e-06
1167 3.77092e-06 4.76861e-06 4.39613e-06
1168 3.76961e-06 5.1074e-06 4.39613e-06
1169 3.774e-06 4.61226e-06 4.39613e-06
1170 3.77193e-06 4.48222e-06 4.39613e-06
1171 3.76778e-06 4.58265e-06 4.39613e-06
1172 3.77529e-06 4.66132e-06 4.39613e-06
1173 3.77889e-06 4.58453e-06 4.39613e-06
1174 3.77337e-06 4.72024e-06 4.39613e-06
1175 3.75947e-06 4.52365e-06 4.39613e-06
1176 3.77072e-06 4.71902e-06 4.39613e-06
1177 3.76287e-06 4.57553e-06 4.39613e-06
1178 3.76833e-06 4.63969e-06 4.39613e-06
1179 3.7723e-06 4.72639e-06 4.39613e-06
1180 3.76564e-06 4.57296e-06 4.39613e-06
1181 3.76795e-06 4.49549e-06 4.39613e-06
1182 3.74818e-06 4.52158e-06 4.39613e-06
1183 3.7836e-06 5.12275e-06 4.39613e-06
1184 3.75165e-06 4.61522e-06 4.39613e-06
1185 3.76743e-06 4.54822e-06 4.39613e-06
1186 3.7679e-06 4.48419e-06 4.39613e-06
1187 3.76445e-06 4.51223e-06 4.39613e-06
1188 3.76195e-06 4.50043e-06 4.39613e-06
1189 3.76061e-06 4.63291e-06 4.39613e-06
1190 3.75728e-06 4.54113e-06 4.39613e-06
1191 3.75207e-06 4.44581e-06 4.39613e-06
1192 3.75078e-06 4.48053e-06 4.39613e-06
1193 3.76558e-06 4.39909e-06 4.39613e-06
1194 3.7619e-06 5.33479e-06 4.39613e-06
1195 3.75457e-06 4.50865e-06 4.39613e-06
1196 3.75682e-06 4.61427e-06 4.39613e-06
1197 3.75902e-06 4.56635e-06 4.39613e-06
1198 3.75239e-06 4.77363e-06 4.39613e-06
1199 3.74843e-06 4.46915e-06 4.39613e-06
1200 3.75438e-06 4.8879e-06 4.39613e-06
1201 3.73053e-06 4.53224e-06 4.39613e-06
1202 3.76057e-06 4.45185e-06 4.39613e-06
1203 3.74993e-06 4.55553e-06 4.39613e-06
1204 3.76036e-06 4.34849e-06 4.39613e-06
1205 3.73573e-06 4.52747e-06 4.34849e-06
1206 3.75474e-06 4.5844e-06 4.34849e-06
1207 3.75642e-06 4.515e-06 4.34849e-06
1208 3.74727e-06 4.58981e-06 4.34849e-06
1209 3.75463e-06 4.4529e-06 4.34849e-06
1210 3.74144e-06 4.49713e-06 4.34849e-06
1211 3.73406e-06 4.46545e-06 4.34849e-06
1212 3.74911e-06 4.58934e-06 4.34849e-06
1213 3.73532e-06 4.53504e-06 4.34849e-06
1214 3.73176e-06 4.58487e-06 4.34849e-06
1215 3.74867e-06 4.48106e-06 4.34849e-06
1216 3.77281e-06 4.69239e-06 4.34849e-06
1217 3.73793e-06 4.39306e-06 4.34849e-06
1218 3.74621e-06 4.56624e-06 4.34849e-06
1219 3.75088e-06 4.46214e-06 4.34849e-06
1220 3.74308e-06 4.49949e-06 4.34849e-06
1221 3.74828e-06 4.40409e-06 4.34849e-06
1222 3.7521e-06 4.91514e-06 4.34849e-06
1223 3.74033e-06 4.84567e-06 4.34849e-06
1224 3.74908e-06 4.56957e-06 4.34849e-06
1225 3.75161e-06 4.50514e-06 4.34849e-06
1226 3.72839e-06 4.50543e-06 4.34849e-06
1227 3.74704e-06 4.47885e-06 4.34849e-06
1228 3.75241e-06 4.55902e-06 4.34849e-06
1229 3.74758e-06 4.55049e-06 4.34849e-06
1230 3.74216e-06 4.52974e-06 4.34849e-06
1231 3.73881e-06 4.66977e-06 4.34849e-06
1232 3.73069e-06 4.48006e-06 4.34849e-06
1233 3.73373e-06 4.90889e-06 4.34849e-06
1234 3.73189e-06 4.39056e-06 4.34849e-06
1235 3.7422e-06 4.36534e-06 4.34849e-06
1236 3.74566e-06 4.42807e-06 4.34849e-06
1237 3.7347e-06 4.45681e-06 4.34849e-06
1238 3.73919e-06 4.57433e-06 4.34849e-06
1239 3.74423e-06 4.48343e-06 4.34849e-06
1240 3.73009e-06 4.62727e-06 4.34849e-06
1241 3.7353e-06 4.82241e-06 4.34849e-06
1242 3.74412e-06 4.49998e-06 4.34849e-06
1243 3.7204e-06 4.54518e-06 4.34849e-06
1244 3.74109e-06 4.45813e-06 4.34849e-06
1245 3.7434e-06 5.02053e-06 4.34849e-06
1246 3.73557e-06 4.65782e-06 4.34849e-06
1247 3.74714e-06 4.53576e-06 4.34849e-06
1248 3.74489e-06 4.53573e-06 4.34849e-06
1249 3.72625e-06 4.37898e-06 4.34849e-06
1250 3.74068e-06 4.3713e-06 4.34849e-06
1251 3.73559e-06 4.51498e-06 4.34849e-06
1252 3.73722e-06 4.57906e-06 4.34849e-06
1253 3.74281e-06 4.48244e-06 4.34849e-06
1254 3.72805e-06 4.34677e-06 4.34849e-06
1255 3.72865e-06 4.36748e-06 4.34677e-06
1256 3.7147e-06 5.27953e-06 4.34677e-06
1257 3.7307e-06 4.50398e-06 4.34677e-06
1258 3.73717e-06 4.46293e-06 4.34677e-06
1259 3.72082e-06 4.57875e-06 4.34677e-06
1260 3.73612e-06 4.45352e-06 4.34677e-06
1261 3.72529e-06 4.45979e-06 4.34677e-06
1262 3.71745e-06 4.55902e-06 4.34677e-06
1263 3.74012e-06 4.52874e-06 4.34677e-06
1264 3.71266e-06 4.49317e-06 4.34677e-06
1265 3.71262e-06 4.46446e-06 4.34677e-06
1266 3.7307e-06 4.55644e-06 4.34677e-06
1267 3.72959e-06 4.48206e-06 4.34677e-06
1268 3.71738e-06 5.32185e-06 4.34677e-06
1269 3.7223e-06 4.51882e-06 4.34677e-06
1270 3.71442e-06 4.75009e-06 4.34677e-06
1271 3.70984e-06 4.71292e-06 4.34677e-06
1272 3.72067e-06 4.61376e-06 4.34677e-06
1273 3.73415e-06 4.40672e-06 4.34677e-06
1274 3.71477e-06 4.46789e-06 4.34677e-06
1275 3.7236e-06 4.49526e-06 4.34677e-06
1276 3.71657e-06 4.45633e-06 4.34677e-06
1277 3.71666e-06 4.75089e-06 4.34677e-06
1278 3.71822e-06 4.55267e-06 4.34677e-06
1279 3.70928e-06 4.40989e-06 4.34677e-06
1280 3.71472e-06 4.49138e-06 4.34677e-06
1281 3.69996e-06 4.71083e-06 4.34677e-06
1282 3.71073e-06 4.68842e-06 4.34677e-06
1283 3.73148e-06 4.42074e-06 4.34677e-06
1284 3.71571e-06 4.40299e-06 4.34677e-06
1285 3.70984e-06 4.6219e-06 4.34677e-06
1286 3.70722e-06 4.33795e-06 4.34677e-06
1287 3.72597e-06 4.60094e-06 4.33795e-06
1288 3.71203e-06 4.85895e-06 4.33795e-06
1289 3.71594e-06 4.41228e-06 4.33795e-06
1290 3.71194e-06 4.40863e-06 4.33795e-06
1291 3.71932e-06 4.58852e-06 4.33795e-06
1292 3.71933e-06 4.44137e-06 4.33795e-06
1293 3.71274e-06 4.43083e-06 4.33795e-06
1294 3.71224e-06 4.37976e-06 4.33795e-06
1295 3.71331e-06 4.59133e-06 4.33795e-06
1296 3.71766e-06 4.66939e-06 4.33795e-06
1297 3.69842e-06 4.41882e-06 4.33795e-06
1298 3.71018e-06 4.47653e-06 4.33795e-06
1299 3.69481e-06 4.4153e-06 4.33795e-06
1300 3.72357e-06 4.85704e-06 4.33795e-06
1301 3.7056e-06 4.6082e-06 4.33795e-06
1302 3.70004e-06 4.445e-06 4.33795e-06
1303 3.71029e-06 4.65929e-06 4.33795e-06
1304 3.70368e-06 4.71652e-06 4.33795e-06
1305 3.70128e-06 4.63334e-06 4.33795e-06
1306 3.70535e-06 4.41657e-06 4.33795e-06
1307 3.71818e-06 4.58356e-06 4.33795e-06
1308 3.69719e-06 4.66749e-06 4.33795e-06
1309 3.70455e-06 4.78117e-06 4.33795e-06
1310 3.68687e-06 4.31509e-06 4.33795e-06
1311 3.70403e-06 5.17412e-06 4.31509e-06
1312 3.6926e-06 4.45838e-06 4.31509e-06
1313 3.69805e-06 4.60482e-06 4.31509e-06
1314 3.71734e-06 4.45159e-06 4.31509e-06
1315 3.705e-06 4.49391e-06 4.31509e-06
1316 3.69464e-06 4.4962e-06 4.31509e-06
1317 3.71209e-06 4.37782e-06 4.31509e-06
1318 3.71349e-06 4.50746e-06 4.31509e-06
1319 3.70604e-06 4.4209e-06 4.31509e-06
1320 3.7003e-06 4.66156e-06 4.31509e-06
1321 3.70141e-06 4.48441e-06 4.31509e-06
1322 3.69235e-06 4.80942e-06 4.31509e-06
1323 3.701e-06 4.74781e-06 4.31509e-06
1324 3.7035e-06 4.53347e-06 4.31509e-06
1325 3.68537e-06 4.50706e-06 4.31509e-06
1326 3.70257e-06 4.56795e-06 4.31509e-06
1327 3.69372e-06 4.35378e-06 4.31509e-06
1328 3.69233e-06 4.41275e-06 4.31509e-06
1329 3.69358e-06 4.56314e-06 4.31509e-06
1330 3.7012e-06 4.50547e-06 4.31509e-06
1331 3.68618e-06 5.18942e-06 4.31509e-06
1332 3.68885e-06 4.66722e-06 4.31509e-06
1333 3.68953e-06 4.51032e-06 4.31509e-06
1334 3.7126e-06 5.10641e-06 4.31509e-06
1335 3.71123e-06 4.81318e-06 4.31509e-06
1336 3.69483e-06 4.39411e-06 4.31509e-06
1337 3.6925e-06 4.54884e-06 4.31509e-06
1338 3.68081e-06 4.54896e-06 4.31509e-06
1339 3.69794e-06 4.72676e-06 4.31509e-06
1340 3.69281e-06 4.56499e-06 4.31509e-06
1341 3.69172e-06 4.44446e-06 4.31509e-06
1342 3.69097e-06 4.39473e-06 4.31509e-06
1343 3.68402e-06 4.43285e-06 4.31509e-06
1344 3.68632e-06 4.35652e-06 4.31509e-06
1345 3.67895e-06 4.47172e-06 4.31509e-06
1346 3.69147e-06 4.38775e-06 4.31509e-06
1347 3.70336e-06 4.4503e-06 4.31509e-06
1348 3.68211e-06 5.27617e-06 4.31509e-06
1349 3.68101e-06 4.51132e-06 4.31509e-06
1350 3.68529e-06 4.39808e-06 4.31509e-06
1351 3.69271e-06 4.49239e-06 4.31509e-06
1352 3.66589e-06 4.34525e-06 4.31509e-06
1353 3.6865e-06 4.32414e-06 4.31509e-06
1354 3.69252e-06 4.45492e-06 4.31509e-06
1355 3.67992e-06 4.43578e-06 4.31509e-06
1356 3.68299e-06 4.35514e-06 4.31509e-06
1357 3.6763e-06 4.35626e-06 4.31509e-06
1358 3.68789e-06 4.50065e-06 4.31509e-06
1359 3.67944e-06 4.45418e-06 4.31509e-06
1360 3.68146e-06 4.38855e-06 4.31509e-06
1361 3.68516e-06 4.58575e-06 4.31509e-06
1362 3.69093e-06 4.41771e-06 4.31509e-06
1363 3.68165e-06 4.31583e-06 4.31509e-06
1364 3.68837e-06 4.36942e-06 4.31509e-06
1365 3.67237e-06 4.5273e-06 4.31509e-06
1366 3.68661e-06 4.65983e-06 4.31509e-06
1367 3.67705e-06 4.32412e-06 4.31509e-06
1368 3.66181e-06 4.65256e-06 4.31509e-06
1369 3.67443e-06 4.79065e-06 4.31509e-06
1370 3.68161e-06 4.39036e-06 4.31509e-06
1371 3.67415e-06 4.26301e-06 4.31509e-06
1372 3.66887e-06 4.61431e-06 4.26301e-06
1373 3.67383e-06 4.54294e-06 4.26301e-06
1374 3.69108e-06 4.4293e-06 4.26301e-06
1375 3.69235e-06 4.74804e-06 4.26301e-06
1376 3.68099e-06 4.38474e-06 4.26301e-06
1377 3.68832e-06 4.66066e-06 4.26301e-06
1378 3.67439e-06 4.34191e-06 4.26301e-06
1379 3.68142e-06 4.34102e-06 4.26301e-06
1380 3.67243e-06 4.35748e-06 4.26301e-06
1381 3.67875e-06 4.38931e-06 4.26301e-06
1382 3.67546e-06 4.31237e-06 4.26301e-06
1383 3.67357e-06 4.37009e-06 4.26301e-06
1384 3.66742e-06 4.42816e-06 4.26301e-06
1385 3.6805e-06 4.33612e-06 4.26301e-06
1386 3.67694e-06 4.61929e-06 4.26301e-06
1387 3.66001e-06 4.33442e-06 4.26301e-06
1388 3.6569e-06 4.41083e-06 4.26301e-06
1389 3.66398e-06 4.35272e-06 4.26301e-06
1390 3.67064e-06 4.41167e-06 4.26301e-06
1391 3.66417e-06 4.40277e-06 4.26301e-06
1392 3.67636e-06 4.30716e-06 4.26301e-06
1393 3.66407e-06 4.44761e-06 4.26301e-06
1394 3.66311e-06 4.86715e-06 4.26301e-06
1395 3.6713e-06 4.60044e-06 4.26301e-06
1396 3.66567e-06 4.52269e-06 4.26301e-06
1397 3.66392e-06 5.16081e-06 4.26301e-06
1398 3.67423e-06 4.63862e-06 4.26301e-06
1399 3.68038e-06 4.31826e-06 4.26301e-06
1400 3.67948e-06 4.35305e-06 4.26301e-06
1401 3.67088e-06 4.59131e-06 4.26301e-06
1402 3.67535e-06 4.36285e-06 4.26301e-06
1403 3.66568e-06 4.56231e-06 4.26301e-06
1404 3.66631e-06 4.52843e-06 4.26301e-06
1405 3.64422e-06 4.83784e-06 4.26301e-06
1406 3.66028e-06 4.34972e-06 4.26301e-06
1407 3.64842e-06 4.50171e-06 4.26301e-06
1408 3.6644e-06 4.55749e-06 4.26301e-06
1409 3.64352e-06 4.43916e-06 4.26301e-06
1410 3.66682e-06 4.3571e-06 4.26301e-06
1411 3.6562e-06 4.79748e-06 4.26301e-06
1412 3.65923e-06 4.40415e-06 4.26301e-06
1413 3.65171e-06 4.28638e-06 4.26301e-06
1414 3.67946e-06 4.35699e-06 4.26301e-06
1415 3.65819e-06 4.47923e-06 4.26301e-06
1416 3.65619e-06 4.45206e-06 4.26301e-06
1417 3.66334e-06 4.33115e-06 4.26301e-06
1418 3.65279e-06 4.43799e-06 4.26301e-06
1419 3.65404e-06 4.48302e-06 4.26301e-06
1420 3.65165e-06 4.69053e-06 4.26301e-06
1421 3.66662e-06 4.36034e-06 4.26301e-06
1422 3.66867e-06 4.57054e-06 4.26301e-06
1423 3.6458e-06 4.44267e-06 4.26301e-06
1424 3.66829e-06 4.80929e-06 4.26301e-06
1425 3.66029e-06 4.43352e-06 4.26301e-06
1426 3.64996e-06 4.50782e-06 4.26301e-06
1427 3.6525e-06 4.30929e-06 4.26301e-06
1428 3.66637e-06 4.41248e-06 4.26301e-06
1429 3.65005e-06 4.44184e-06 4.26301e-06
1430 3.64997e-06 4.55895e-06 4.26301e-06
1431 3.66067e-06 4.45109e-06 4.26301e-06
1432 3.64175e-06 4.33372e-06 4.26301e-06
1433 3.64887e-06 4.32837e-06 4.26301e-06
1434 3.65536e-06 4.46824e-06 4.26301e-06
1435 3.64857e-06 4.77399e-06 4.26301e-06
1436 3.65668e-06 4.47176e-06 4.26301e-06
1437 3.64803e-06 4.37683e-06 4.26301e-06
1438 3.64231e-06 4.3818e-06 4.26301e-06
1439 3.64894e-06 4.41313e-06 4.26301e-06
1440 3.63253e-06 4.45365e-06 4.26301e-06
1441 3.6516e-06 4.37361e-06 4.26301e-06
1442 3.65619e-06 4.29615e-06 4.26301e-06
1443 3.63691e-06 4.44786e-06 4.26301e-06
1444 3.65665e-06 5.01405e-06 4.26301e-06
1445 3.64999e-06 4.66999e-06 4.26301e-06
1446 3.6413e-06 4.25583e-06 4.26301e-06
1447 3.65589e-06 4.55995e-06 4.25583e-06
1448 3.64247e-06 4.46083e-06 4.25583e-06
1449 3.63942e-06 4.37559e-06 4.25583e-06
1450 3.64082e-06 4.38855e-06 4.25583e-06
1451 3.65237e-06 4.34989e-06 4.25583e-06
1452 3.62953e-06 4.36093e-06 4.25583e-06
1453 3.65015e-06 4.52507e-06 4.25583e-06
1454 3.6375e-06 4.37109e-06 4.25583e-06
1455 3.63113e-06 4.5988e-06 4.25583e-06
1456 3.64469e-06 4.3667e-06 4.25583e-06
1457 3.62849e-06 4.71128e-06 4.25583e-06
1458 3.63724e-06 4.71689e-06 4.25583e-06
1459 3.64173e-06 4.47544e-06 4.25583e-06
1460 3.64441e-06 4.8851e-06 4.25583e-06
1461 3.62665e-06 4.45898e-06 4.25583e-06
1462 3.6246e-06 4.92204e-06 4.25583e-06
1463 3.63101e-06 4.46118e-06 4.25583e-06
1464 3.64024e-06 4.72083e-06 4.25583e-06
1465 3.63411e-06 4.64128e-06 4.25583e-06
1466 3.63683e-06 5.02602e-06 4.25583e-06
1467 3.63238e-06 4.47245e-06 4.25583e-06
1468 3.65038e-06 4.33965e-06 4.25583e-06
1469 3.64358e-06 4.48931e-06 4.25583e-06
1470 3.64163e-06 4.58369e-06 4.25583e-06
1471 3.63494e-06 4.78824e-06 4.25583e-06
1472 3.64104e-06 4.26389e-06 4.25583e-06
1473 3.62738e-06 4.30939e-06 4.25583e-06
1474 3.62809e-06 4.44243e-06 4.25583e-06
1475 3.6365e-06 4.40857e-06 4.25583e-06
1476 3.63931e-06 4.82605e-06 4.25583e-06
1477 3.62711e-06 4.37315e-06 4.25583e-06
1478 3.63632e-06 4.36128e-06 4.25583e-06
1479 3.63947e-06 4.45678e-06 4.25583e-06
1480 3.6275e-06 4.42588e-06 4.25583e-06
1481 3.63742e-06 4.41982e-06 4.25583e-06
1482 3.6337e-06 4.54692e-06 4.25583e-06
1483 3.63777e-06 4.55151e-06 4.25583e-06
1484 3.64061e-06 4.29496e-06 4.25583e-06
1485 3.6523e-06 4.3767e-06 4.25583e-06
1486 3.61505e-06 4.4768e-06 4.25583e-06
1487 3.62459e-06 4.36375e-06 4.25583e-06
1488 3.62217e-06 4.28209e-06 4.25583e-06
1489 3.62916e-06 4.3425e-06 4.25583e-06
1490 3.63808e-06 4.39504e-06 4.25583e-06
1491 3.62904e-06 4.49686e-06 4.25583e-06
1492 3.62482e-06 4.87334e-06 4.25583e-06
1493 3.62404e-06 4.55719e-06 4.25583e-06
1494 3.64765e-06 4.41665e-06 4.25583e-06
1495 3.61317e-06 4.68884e-06 4.25583e-06
1496 3.61685e-06 4.44034e-06 4.25583e-06
1497 3.62691e-06 4.36459e-06 4.25583e-06
1498 3.61866e-06 4.43717e-06 4.25583e-06
1499 3.63312e-06 4.83456e-06 4.25583e-06
1500 3.62294e-06 4.33289e-06 4.25583e-06
1501 3.61674e-06 4.32853e-06 4.25583e-06
1502 3.62498e-06 4.34659e-06 4.25583e-06
1503 3.60076e-06 4.58993e-06 4.25583e-06
1504 3.63834e-06 4.90622e-06 4.25583e-06
1505 3.62183e-06 4.46662e-06 4.25583e-06
1506 3.62442e-06 4.33941e-06 4.25583e-06
1507 3.62317e-06 4.29888e-06 4.25583e-06
1508 3.62777e-06 4.45448e-06 4.25583e-06
1509 3.61872e-06 4.44477e-06 4.25583e-06
1510 3.61235e-06 4.25409e-06 4.25583e-06
1511 3.64365e-06 4.32281e-06 4.25409e-06
1512 3.63543e-06 4.37351e-06 4.25409e-06
1513 3.62596e-06 4.58347e-06 4.25409e-06
1514 3.61996e-06 4.35627e-06 4.25409e-06
1515 3.62819e-06 4.40766e-06 4.25409e-06
1516 3.61625e-06 4.51265e-06 4.25409e-06
1517 3.61125e-06 4.37557e-06 4.25409e-06
1518 3.61654e-06 4.30808e-06 4.25409e-06
1519 3.62269e-06 4.24223e-06 4.25409e-06
1520 3.61037e-06 4.4689e-06 4.24223e-06
1521 3.60871e-06 4.28174e-06 4.24223e-06
1522 3.62013e-06 4.60938e-06 4.24223e-06
1523 3.61488e-06 4.46354e-06 4.24223e-06
1524 3.61681e-06 4.38066e-06 4.24223e-06
1525 3.6092e-06 4.32302e-06 4.24223e-06
1526 3.61638e-06 4.32487e-06 4.24223e-06
1527 3.60872e-06 4.36816e-06 4.24223e-06
1528 3.6104e-06 4.37914e-06 4.24223e-06
1529 3.60643e-06 4.34842e-06 4.24223e-06
1530 3.61201e-06 4.29861e-06 4.24223e-06
1531 3.61001e-06 4.74919e-06 4.24223e-06
1532 3.6222e-06 4.46924e-06 4.24223e-06
1533 3.6115e-06 4.39553e-06 4.24223e-06
1534 3.61746e-06 4.32967e-06 4.24223e-06
1535 3.61764e-06 4.3266e-06 4.24223e-06
1536 3.61344e-06 4.8307e-06 4.24223e-06
1537 3.61391e-06 4.41175e-06 4.24223e-06
1538 3.60671e-06 4.42928e-06 4.24223e-06
1539 3.60483e-06 4.47969e-06 4.24223e-06
1540 3.62981e-06 4.35015e-06 4.24223e-06
1541 3.61699e-06 4.71906e-06 4.24223e-06
1542 3.61623e-06 4.40624e-06 4.24223e-06
1543 3.61636e-06 4.4211e-06 4.24223e-06
1544 3.60675e-06 4.46972e-06 4.24223e-06
1545 3.60416e-06 4.35604e-06 4.24223e-06
1546 3.60525e-06 4.33473e-06 4.24223e-06
1547 3.62454e-06 4.40694e-06 4.24223e-06
1548 3.62099e-06 4.39666e-06 4.24223e-06
1549 3.60843e-06 4.33914e-06 4.24223e-06
1550 3.60859e-06 4.81512e-06 4.24223e-06
1551 3.5984e-06 4.37236e-06 4.24223e-06
1552 3.62205e-06 4.22894e-06 4.24223e-06
1553 3.59877e-06 4.22735e-06 4.22894e-06
1554 3.61034e-06 4.39068e-06 4.22735e-06
1555 3.60219e-06 4.36998e-06 4.22735e-06
1556 3.59555e-06 4.43847e-06 4.22735e-06
1557 3.60473e-06 4.44102e-06 4.22735e-06
1558 3.6057e-06 4.40901e-06 4.22735e-06
1559 3.60403e-06 4.36759e-06 4.22735e-06
1560 3.60846e-06 4.35773e-06 4.22735e-06
1561 3.6091e-06 4.33773e-06 4.22735e-06
1562 3.60224e-06 4.49369e-06 4.22735e-06
1563 3.60141e-06 4.43745e-06 4.22735e-06
1564 3.60926e-06 4.28012e-06 4.22735e-06
1565 3.59305e-06 4.40636e-06 4.22735e-06
1566 3.60767e-06 4.92657e-06 4.22735e-06
1567 3.6003e-06 4.43363e-06 4.22735e-06
1568 3.59798e-06 4.75531e-06 4.22735e-06
1569 3.61292e-06 4.38432e-06 4.22735e-06
1570 3.60932e-06 4.73963e-06 4.22735e-06
1571 3.59075e-06 4.41165e-06 4.22735e-06
1572 3.58875e-06 4.32166e-06 4.22735e-06
1573 3.60117e-06 4.39254e-06 4.22735e-06
1574 3.60853e-06 4.31434e-06 4.22735e-06
1575 3.5908e-06 4.2672e-06 4.22735e-06
1576 3.5928e-06 5.65509e-06 4.22735e-06
1577 3.58988e-06 4.55979e-06 4.22735e-06
1578 3.5925e-06 4.40755e-06 4.22735e-06
1579 3.59481e-06 4.35891e-06 4.22735e-06
1580 3.59068e-06 4.27715e-06 4.22735e-06
1581 3.59625e-06 4.35291e-06 4.22735e-06
1582 3.59697e-06 4.7428e-06 4.22735e-06
1583 3.58989e-06 4.63553e-06 4.22735e-06
1584 3.60554e-06 4.43689e-06 4.22735e-06
1585 3.59497e-06 4.35991e-06 4.22735e-06
1586 3.59002e-06 4.83843e-06 4.22735e-06
1587 3.59978e-06 4.73942e-06 4.22735e-06
1588 3.59097e-06 4.5632e-06 4.22735e-06
1589 3.58193e-06 4.30816e-06 4.22735e-06
1590 3.58492e-06 4.30263e-06 4.22735e-06
1591 3.5874e-06 4.52328e-06 4.22735e-06
1592 3.59131e-06 4.30532e-06 4.22735e-06
1593 3.58706e-06 4.57131e-06 4.22735e-06
1594 3.58216e-06 4.6349e-06 4.22735e-06
1595 3.58068e-06 4.32511e-06 4.22735e-06
1596 3.57713e-06 4.4832e-06 4.22735e-06
1597 3.59623e-06 4.46086e-06 4.22735e-06
1598 3.59128e-06 4.25305e-06 4.22735e-06
1599 3.59054e-06 4.34591e-06 4.22735e-06
1600 3.58975e-06 4.40748e-06 4.22735e-06
1601 3.58792e-06 4.75474e-06 4.22735e-06
1602 3.58709e-06 4.32394e-06 4.22735e-06
1603 3.59835e-06 4.37942e-06 4.22735e-06
1604 3.60384e-06 4.32508e-06 4.22735e-06
1605 3.5807e-06 4.48096e-06 4.22735e-06
1606 3.57442e-06 4.27035e-06 4.22735e-06
1607 3.5932e-06 4.28516e-06 4.22735e-06
1608 3.58611e-06 4.43564e-06 4.22735e-06
1609 3.58564e-06 4.39502e-06 4.22735e-06
1610 3.5873e-06 4.25231e-06 4.22735e-06
1611 3.57643e-06 4.44114e-06 4.22735e-06
1612 3.57126e-06 4.69843e-06 4.22735e-06
1613 3.58708e-06 4.25105e-06 4.22735e-06
1614 3.5916e-06 4.31254e-06 4.22735e-06
1615 3.59725e-06 4.66189e-06 4.22735e-06
1616 3.59501e-06 4.3234e-06 4.22735e-06
1617 3.58758e-06 4.27114e-06 4.22735e-06
1618 3.57532e-06 4.32719e-06 4.22735e-06
1619 3.59149e-06 4.35034e-06 4.22735e-06
1620 3.59037e-06 4.50975e-06 4.22735e-06
1621 3.57246e-06 4.318e-06 4.22735e-06
1622 3.57538e-06 4.3946e-06 4.22735e-06
1623 3.58818e-06 4.33004e-06 4.22735e-06
1624 3.58142e-06 4.23997e-06 4.22735e-06
1625 3.58923e-06 4.30836e-06 4.22735e-06
1626 3.59486e-06 4.69601e-06 4.22735e-06
1627 3.57599e-06 4.34959e-06 4.22735e-06
1628 3.58222e-06 4.37906e-06 4.22735e-06
1629 3.5791e-06 4.62603e-06 4.22735e-06
1630 3.57814e-06 4.27965e-06 4.22735e-06
1631 3.57582e-06 4.28039e-06 4.22735e-06
1632 3.57744e-06 4.28673e-06 4.22735e-06
1633 3.58149e-06 4.35848e-06 4.22735e-06
1634 3.56841e-06 4.37974e-06 4.22735e-06
1635 3.58438e-06 4.59652e-06 4.22735e-06
1636 3.58121e-06 4.60532e-06 4.22735e-06
1637 3.57016e-06 4.2481e-06 4.22735e-06
1638 3.58037e-06 4.59269e-06 4.22735e-06
1639 3.57124e-06 4.25824e-06 4.22735e-06
1640 3.56952e-06 4.346e-06 4.22735e-06
1641 3.57383e-06 4.50815e-06 4.22735e-06
1642 3.56634e-06 4.49516e-06 4.22735e-06
1643 3.57277e-06 4.20799e-06 4.22735e-06
1644 3.57244e-06 4.3844e-06 4.20799e-06
1645 3.57222e-06 4.3178e-06 4.20799e-06
1646 3.58306e-06 5.05989e-06 4.20799e-06
1647 3.57073e-06 4.22404e-06 4.20799e-06
1648 3.57885e-06 4.29759e-06 4.20799e-06
1649 3.57671e-06 4.49293e-06 4.20799e-06
1650 3.57217e-06 4.24312e-06 4.20799e-06
1651 3.56432e-06 4.4833e-06 4.20799e-06
1652 3.55073e-06 4.30343e-06 4.20799e-06
1653 3.55977e-06 4.51218e-06 4.20799e-06
1654 3.56204e-06 4.37744e-06 4.20799e-06
1655 3.56309e-06 4.28914e-06 4.20799e-06
1656 3.57771e-06 4.24562e-06 4.20799e-06
1657 3.55898e-06 4.36959e-06 4.20799e-06
1658 3.56467e-06 4.24087e-06 4.20799e-06
1659 3.57559e-06 4.24059e-06 4.20799e-06
1660 3.56933e-06 4.34529e-06 4.20799e-06
1661 3.55412e-06 4.43976e-06 4.20799e-06
1662 3.57744e-06 4.81035e-06 4.20799e-06
1663 3.56783e-06 4.64551e-06 4.20799e-06
1664 3.56468e-06 4.31744e-06 4.20799e-06
1665 3.55417e-06 4.31659e-06 4.20799e-06
1666 3.58084e-06 4.73896e-06 4.20799e-06
1667 3.57462e-06 5.90537e-06 4.20799e-06
1668 3.57137e-06 4.25945e-06 4.20799e-06
1669 3.57189e-06 4.43897e-06 4.20799e-06
1670 3.558e-06 4.18358e-06 4.20799e-06
1671 3.57907e-06 4.88352e-06 4.18358e-06
1672 3.56808e-06 5.11773e-06 4.18358e-06
1673 3.56446e-06 4.26695e-06 4.18358e-06
1674 3.56265e-06 4.7601e-06 4.18358e-06
1675 3.56746e-06 4.44008e-06 4.18358e-06
1676 3.57057e-06 4.18401e-06 4.18358e-06
1677 3.57107e-06 4.2773e-06 4.18358e-06
1678 3.56108e-06 4.40007e-06 4.18358e-06
1679 3.57349e-06 4.70016e-06 4.18358e-06
1680 3.55746e-06 4.3697e-06 4.18358e-06
1681 3.56142e-06 4.32392e-06 4.18358e-06
1682 3.56515e-06 4.36514e-06 4.18358e-06
1683 3.55862e-06 4.40032e-06 4.18358e-06
1684 3.54628e-06 4.33418e-06 4.18358e-06
1685 3.56695e-06 4.89878e-06 4.18358e-06
1686 3.56445e-06 4.6475e-06 4.18358e-06
1687 3.56806e-06 4.82562e-06 4.18358e-06
1688 3.565e-06 4.29305e-06 4.18358e-06
1689 3.55861e-06 4.57732e-06 4.18358e-06
1690 3.56347e-06 4.51626e-06 4.18358e-06
1691 3.56466e-06 4.35295e-06 4.18358e-06
1692 3.56375e-06 4.75274e-06 4.18358e-06
1693 3.55883e-06 4.29181e-06 4.18358e-06
1694 3.55954e-06 4.31485e-06 4.18358e-06
1695 3.55351e-06 4.55965e-06 4.18358e-06
1696 3.56504e-06 4.25013e-06 4.18358e-06
1697 3.56874e-06 4.41931e-06 4.18358e-06
1698 3.5633e-06 4.38658e-06 4.18358e-06
1699 3.54626e-06 4.33406e-06 4.18358e-06
1700 3.56053e-06 4.2896e-06 4.18358e-06
1701 3.55141e-06 4.24414e-06 4.18358e-06
1702 3.54449e-06 4.2399e-06 4.18358e-06
1703 3.55435e-06 4.21889e-06 4.18358e-06
1704 3.54593e-06 4.67585e-06 4.18358e-06
1705 3.55248e-06 4.43605e-06 4.18358e-06
1706 3.56069e-06 4.39267e-06 4.18358e-06
1707 3.54031e-06 4.37297e-06 4.18358e-06
1708 3.5565e-06 4.54049e-06 4.18358e-06
1709 3.55182e-06 4.39255e-06 4.18358e-06
1710 3.55346e-06 4.26177e-06 4.18358e-06
1711 3.55021e-06 4.62828e-06 4.18358e-06
1712 3.5591e-06 4.16724e-06 4.18358e-06
1713 3.55306e-06 4.52497e-06 4.16724e-06
1714 3.55009e-06 4.33036e-06 4.16724e-06
1715 3.54405e-06 4.3393e-06 4.16724e-06
1716 3.54526e-06 4.25316e-06 4.16724e-06
1717 3.54814e-06 4.2328e-06 4.16724e-06
1718 3.54145e-06 4.67691e-06 4.16724e-06
1719 3.55354e-06 4.31529e-06 4.16724e-06
1720 3.54809e-06 4.31968e-06 4.16724e-06
1721 3.55016e-06 4.23825e-06 4.16724e-06
1722 3.54203e-06 4.5242e-06 4.16724e-06
1723 3.5486e-06 4.58728e-06 4.16724e-06
1724 3.54763e-06 4.22422e-06 4.16724e-06
1725 3.54161e-06 4.3019e-06 4.16724e-06
1726 3.54041e-06 4.50685e-06 4.16724e-06
1727 3.54737e-06 4.17835e-06 4.16724e-06
1728 3.53009e-06 4.2923e-06 4.16724e-06
1729 3.54077e-06 4.38959e-06 4.16724e-06
1730 3.55333e-06 4.61035e-06 4.16724e-06
1731 3.54254e-06 4.96668e-06 4.16724e-06
1732 3.54193e-06 4.30781e-06 4.16724e-06
1733 3.54467e-06 4.81646e-06 4.16724e-06
1734 3.54254e-06 4.7392e-06 4.16724e-06
1735 3.55344e-06 4.32035e-06 4.16724e-06
1736 3.55222e-06 4.31634e-06 4.16724e-06
1737 3.53832e-06 4.56257e-06 4.16724e-06
1738 3.55614e-06 4.25235e-06 4.16724e-06
1739 3.53957e-06 4.22145e-06 4.16724e-06
1740 3.55102e-06 5.0002e-06 4.16724e-06
1741 3.53752e-06 4.98459e-06 4.16724e-06
1742 3.53691e-06 4.29781e-06 4.16724e-06
1743 3.55139e-06 4.48903e-06 4.16724e-06
1744 3.54801e-06 4.38456e-06 4.16724e-06
1745 3.55202e-06 4.2302e-06 4.16724e-06
1746 3.5399e-06 4.31132e-06 4.16724e-06
1747 3.54253e-06 4.60861e-06 4.16724e-06
1748 3.52981e-06 4.43047e-06 4.16724e-06
1749 3.55367e-06 4.33153e-06 4.16724e-06
1750 3.55015e-06 4.34202e-06 4.16724e-06
1751 3.52884e-06 4.20748e-06 4.16724e-06
1752 3.5331e-06 4.28704e-06 4.16724e-06
1753 3.54822e-06 4.38095e-06 4.16724e-06
1754 3.54598e-06 4.43507e-06 4.16724e-06
1755 3.54506e-06 4.48452e-06 4.16724e-06
1756 3.52698e-06 4.22875e-06 4.16724e-06
1757 3.54583e-06 4.36276e-06 4.16724e-06
1758 3.54605e-06 4.23764e-06 4.16724e-06
1759 3.5366e-06 4.2639e-06 4.16724e-06
1760 3.54244e-06 4.70203e-06 4.16724e-06
1761 3.53839e-06 4.53923e-06 4.16724e-06
1762 3.54665e-06 4.41543e-06 4.16724e-06
1763 3.53793e-06 4.2537e-06 4.16724e-06
1764 3.54271e-06 4.23563e-06 4.16724e-06
1765 3.54592e-06 4.19816e-06 4.16724e-06
1766 3.54366e-06 4.30973e-06 4.16724e-06
1767 3.53095e-06 4.31806e-06 4.16724e-06
1768 3.52499e-06 4.31494e-06 4.16724e-06
1769 3.54364e-06 4.51106e-06 4.16724e-06
1770 3.54459e-06 4.7134e-06 4.16724e-06
1771 3.52405e-06 4.35286e-06 4.16724e-06
1772 3.5273e-06 4.27975e-06 4.16724e-06
1773 3.52846e-06 4.33231e-06 4.16724e-06
1774 3.535e-06 4.29255e-06 4.16724e-06
1775 3.54499e-06 5.58199e-06 4.16724e-06
1776 3.52334e-06 4.47504e-06 4.16724e-06
1777 3.51434e-06 4.44848e-06 4.16724e-06
1778 3.53468e-06 4.21482e-06 4.16724e-06
1779 3.5266e-06 4.30996e-06 4.16724e-06
1780 3.53146e-06 4.40834e-06 4.16724e-06
1781 3.52935e-06 4.43564e-06 4.16724e-06
1782 3.52838e-06 4.29179e-06 4.16724e-06
1783 3.53187e-06 4.19621e-06 4.16724e-06
1784 3.53254e-06 4.30061e-06 4.16724e-06
1785 3.51653e-06 4.24841e-06 4.16724e-06
1786 3.51526e-06 4.30639e-06 4.16724e-06
1787 3.54e-06 4.28666e-06 4.16724e-06
1788 3.52686e-06 4.25301e-06 4.16724e-06
1789 3.52727e-06 4.28024e-06 4.16724e-06
1790 3.5323e-06 4.18903e-06 4.16724e-06
1791 3.52039e-06 4.23303e-06 4.16724e-06
1792 3.51388e-06 4.26727e-06 4.16724e-06
1793 3.53605e-06 4.35101e-06 4.16724e-06
1794 3.54218e-06 4.25565e-06 4.16724e-06
1795 3.52435e-06 4.33068e-06 4.16724e-06
1796 3.53453e-06 4.27565e-06 4.16724e-06
1797 3.53195e-06 4.48283e-06 4.16724e-06
1798 3.5188e-06 4.23439e-06 4.16724e-06
1799 3.52409e-06 4.30284e-06 4.16724e-06
1800 3.51494e-06 4.69742e-06 4.16724e-06
1801 3.52662e-06 5.10642e-06 4.16724e-06
1802 3.52073e-06 4.1714e-06 4.16724e-06
1803 3.52478e-06 4.1714e-06 4.16724e-06
1804 3.53065e-06 4.39877e-06 4.16724e-06
1805 3.50917e-06 4.31869e-06 4.16724e-06
1806 3.53725e-06 4.24945e-06 4.16724e-06
1807 3.51963e-06 4.61463e-06 4.16724e-06
1808 3.52762e-06 4.44507e-06 4.16724e-06
1809 3.53038e-06 4.38845e-06 4.16724e-06
1810 3.51028e-06 4.16982e-06 4.16724e-06
1811 3.52294e-06 4.39633e-06 4.16724e-06
1812 3.51975e-06 4.15997e-06 4.16724e-06
1813 3.33464e-06 4.25241e-06 4.15997e-06
1814 3.33607e-06 4.18241e-06 4.15997e-06
1815 3.32956e-06 4.25882e-06 4.15997e-06
1816 3.33572e-06 4.25399e-06 4.15997e-06
1817 3.33795e-06 4.17265e-06 4.15997e-06
1818 3.32849e-06 4.23352e-06 4.15997e-06
1819 3.33031e-06 4.2053e-06 4.15997e-06
1820 3.32767e-06 4.15569e-06 4.15997e-06
1821 3.32505e-06 4.15537e-06 4.15569e-06
1822 3.34247e-06 4.1117e-06 4.15537e-06
1823 3.33992e-06 4.18187e-06 4.1117e-06
1824 3.341e-06 4.1827e-06 4.1117e-06
1825 3.33977e-06 4.26023e-06 4.1117e-06
1826 3.32276e-06 4.12852e-06 4.1117e-06
1827 3.32862e-06 4.23657e-06 4.1117e-06
1828 3.33275e-06 4.19855e-06 4.1117e-06
1829 3.33148e-06 4.22867e-06 4.1117e-06
1830 3.3271e-06 4.39139e-06 4.1117e-06
1831 3.32402e-06 4.2008e-06 4.1117e-06
1832 3.33212e-06 4.25967e-06 4.1117e-06
1833 3.33229e-06 4.16423e-06 4.1117e-06
1834 3.32707e-06 4.27102e-06 4.1117e-06
1835 3.33463e-06 4.14603e-06 4.1117e-06
1836 3.32645e-06 4.17182e-06 4.1117e-06
1837 3.32274e-06 4.25647e-06 4.1117e-06
1838 3.32897e-06 4.12072e-06 4.1117e-06
1839 3.32447e-06 4.20572e-06 4.1117e-06
1840 3.32819e-06 4.20233e-06 4.1117e-06
1841 3.32118e-06 4.22253e-06 4.1117e-06
1842 3.33398e-06 4.2325e-06 4.1117e-06
1843 3.33124e-06 4.21704e-06 4.1117e-06
1844 3.32945e-06 4.17586e-06 4.1117e-06
1845 3.32462e-06 4.38616e-06 4.1117e-06
1846 3.32621e-06 4.1741e-06 4.1117e-06
1847 3.32329e-06 4.17715e-06 4.1117e-06
1848 3.32202e-06 4.17378e-06 4.1117e-06
1849 3.32616e-06 4.17338e-06 4.1117e-06
1850 3.32378e-06 4.18054e-06 4.1117e-06
1851 3.33079e-06 4.1655e-06 4.1117e-06
1852 3.32764e-06 4.24395e-06 4.1117e-06
1853 3.31478e-06 4.18305e-06 4.1117e-06
1854 3.33032e-06 4.32667e-06 4.1117e-06
1855 3.33338e-06 4.18012e-06 4.1117e-06
1856 3.32884e-06 4.15423e-06 4.1117e-06
1857 3.31862e-06 4.2617e-06 4.1117e-06
1858 3.32268e-06 4.21642e-06 4.1117e-06
1859 3.31913e-06 4.24424e-06 4.1117e-06
1860 3.31626e-06 4.26336e-06 4.1117e-06
1861 3.3275e-06 4.2012e-06 4.1117e-06
1862 3.32312e-06 4.21175e-06 4.1117e-06
1863 3.33113e-06 4.20546e-06 4.1117e-06
1864 3.32999e-06 4.15019e-06 4.1117e-06
1865 3.31682e-06 4.21992e-06 4.1117e-06
1866 3.32203e-06 4.23475e-06 4.1117e-06
1867 3.32829e-06 4.26529e-06 4.1117e-06
1868 3.32343e-06 4.17093e-06 4.1117e-06
1869 3.31811e-06 4.19678e-06 4.1117e-06
1870 3.332e-06 4.1303e-06 4.1117e-06
1871 3.31391e-06 4.25236e-06 4.1117e-06
1872 3.32975e-06 4.11762e-06 4.1117e-06
1873 3.32849e-06 4.14472e-06 4.1117e-06
1874 3.31801e-06 4.21343e-06 4.1117e-06
1875 3.32177e-06 4.26449e-06 4.1117e-06
1876 3.32412e-06 4.19605e-06 4.1117e-06
1877 3.32127e-06 4.13927e-06 4.1117e-06
1878 3.33134e-06 4.30643e-06 4.1117e-06
1879 3.31435e-06 4.2074e-06 4.1117e-06
1880 3.32675e-06 4.21655e-06 4.1117e-06
1881 3.32613e-06 4.13351e-06 4.1117e-06
1882 3.31814e-06 4.245e-06 4.1117e-06
1883 3.31677e-06 4.25186e-06 4.1117e-06
1884 3.33192e-06 4.12794e-06 4.1117e-06
1885 3.31965e-06 4.22162e-06 4.1117e-06
1886 3.31267e-06 4.27652e-06 4.1117e-06
1887 3.31865e-06 4.22288e-06 4.1117e-06
1888 3.32487e-06 4.22179e-06 4.1117e-06
1889 3.31851e-06 4.34406e-06 4.1117e-06
1890 3.32481e-06 4.18596e-06 4.1117e-06
1891 3.32189e-06 4.19016e-06 4.1117e-06
1892 3.32473e-06 4.25858e-06 4.1117e-06
1893 3.31136e-06 4.18261e-06 4.1117e-06
1894 3.32014e-06 4.1944e-06 4.1117e-06
1895 3.32527e-06 4.19634e-06 4.1117e-06
1896 3.31404e-06 4.23751e-06 4.1117e-06
1897 3.32334e-06 4.32842e-06 4.1117e-06
1898 3.31684e-06 4.22504e-06 4.1117e-06
1899 3.32568e-06 4.12e-06 4.1117e-06
1900 3.32484e-06 4.27776e-06 4.1117e-06
1901 3.32148e-06 4.16136e-06 4.1117e-06
1902 3.30466e-06 4.23196e-06 4.1117e-06
1903 3.31619e-06 4.20898e-06 4.1117e-06
1904 3.32151e-06 4.20108e-06 4.1117e-06
1905 3.31478e-06 4.18804e-06 4.1117e-06
1906 3.31878e-06 4.05492e-06 4.1117e-06
1907 3.32947e-06 4.30263e-06 4.05492e-06
1908 3.31006e-06 4.261e-06 4.05492e-06
1909 3.32228e-06 4.22681e-06 4.05492e-06
1910 3.32027e-06 4.16246e-06 4.05492e-06
1911 3.31867e-06 4.15177e-06 4.05492e-06
1912 3.31673e-06 4.19597e-06 4.05492e-06
1913 3.32297e-06 4.12905e-06 4.05492e-06
1914 3.32273e-06 4.06737e-06 4.05492e-06
1915 3.32195e-06 4.23086e-06 4.05492e-06
1916 3.3242e-06 4.04701e-06 4.05492e-06
1917 3.31977e-06 4.21246e-06 4.04701e-06
1918 3.32289e-06 4.2434e-06 4.04701e-06
1919 3.31801e-06 4.22723e-06 4.04701e-06
1920 3.32569e-06 4.2131e-06 4.04701e-06
1921 3.31153e-06 4.25585e-06 4.04701e-06
1922 3.31007e-06 4.16348e-06 4.04701e-06
1923 3.32247e-06 4.1432e-06 4.04701e-06
1924 3.3136e-06 4.21375e-06 4.04701e-06
1925 3.32262e-06 4.20447e-06 4.04701e-06
1926 3.32533e-06 4.23538e-06 4.04701e-06
1927 3.3198e-06 4.18172e-06 4.04701e-06
1928 3.31993e-06 4.41865e-06 4.04701e-06
1929 3.31229e-06 4.2731e-06 4.04701e-06
1930 3.31479e-06 4.15029e-06 4.04701e-06
1931 3.31231e-06 4.22977e-06 4.04701e-06
1932 3.3237e-06 4.22732e-06 4.04701e-06
1933 3.32093e-06 4.30055e-06 4.04701e-06
1934 3.32195e-06 4.27835e-06 4.04701e-06
1935 3.3183e-06 4.24027e-06 4.04701e-06
1936 3.32499e-06 4.10154e-06 4.04701e-06
1937 3.30722e-06 4.2101e-06 4.04701e-06
1938 3.31943e-06 4.26654e-06 4.04701e-06
1939 3.3089e-06 4.21592e-06 4.04701e-06
1940 3.31511e-06 4.2389e-06 4.04701e-06
1941 3.31397e-06 4.0802e-06 4.04701e-06
1942 3.32632e-06 4.24698e-06 4.04701e-06
1943 3.31675e-06 4.10491e-06 4.04701e-06
1944 3.31134e-06 4.15903e-06 4.04701e-06
1945 3.31743e-06 4.27649e-06 4.04701e-06
1946 3.32031e-06 4.07822e-06 4.04701e-06
1947 3.3113e-06 4.19068e-06 4.04701e-06
1948 3.31735e-06 4.16293e-06 4.04701e-06
1949 3.32362e-06 4.13177e-06 4.04701e-06
1950 3.31523e-06 4.15047e-06 4.04701e-06
1951 3.31031e-06 4.17508e-06 4.04701e-06
1952 3.32152e-06 4.13547e-06 4.04701e-06
1953 3.31459e-06 4.12085e-06 4.04701e-06
1954 3.32184e-06 4.25923e-06 4.04701e-06
1955 3.3233e-06 4.25551e-06 4.04701e-06
1956 3.31357e-06 4.223e-06 4.04701e-06
1957 3.30862e-06 4.19761e-06 4.04701e-06
1958 3.30935e-06 4.194e-06 4.04701e-06
1959 3.31918e-06 4.12015e-06 4.04701e-06
1960 3.31519e-06 4.1149e-06 4.04701e-06
1961 3.30298e-06 4.14031e-06 4.04701e-06
1962 3.31538e-06 4.21498e-06 4.04701e-06
1963 3.31831e-06 4.34529e-06 4.04701e-06
1964 3.31131e-06 4.17656e-06 4.04701e-06
1965 3.30943e-06 4.08108e-06 4.04701e-06
1966 3.30223e-06 4.18863e-06 4.04701e-06
1967 3.31045e-06 4.11211e-06 4.04701e-06
1968 3.30799e-06 4.23015e-06 4.04701e-06
1969 3.30621e-06 4.12287e-06 4.04701e-06
1970 3.30921e-06 4.11725e-06 4.04701e-06
1971 3.3233e-06 4.18328e-06 4.04701e-06
1972 3.32211e-06 4.19082e-06 4.04701e-06
1973 3.31357e-06 4.19273e-06 4.04701e-06
1974 3.31902e-06 4.17215e-06 4.04701e-06
1975 3.30738e-06 4.32694e-06 4.04701e-06
1976 3.30862e-06 4.09252e-06 4.04701e-06
1977 3.31543e-06 4.23694e-06 4.04701e-06
1978 3.31723e-06 4.33879e-06 4.04701e-06
1979 3.31941e-06 4.18329e-06 4.04701e-06
1980 3.32017e-06 4.14609e-06 4.04701e-06
1981 3.30524e-06 4.34377e-06 4.04701e-06
1982 3.31781e-06 4.12426e-06 4.04701e-06
1983 3.31595e-06 4.23946e-06 4.04701e-06
1984 3.31552e-06 4.33655e-06 4.04701e-06
1985 3.30215e-06 4.21057e-06 4.04701e-06
1986 3.30253e-06 4.15744e-06 4.04701e-06
1987 3.31532e-06 4.13676e-06 4.04701e-06
1988 3.30307e-06 4.37154e-06 4.04701e-06
1989 3.31602e-06 4.29542e-06 4.04701e-06
1990 3.31231e-06 4.16656e-06 4.04701e-06
1991 3.31799e-06 4.17085e-06 4.04701e-06
1992 3.31015e-06 4.30459e-06 4.04701e-06
1993 3.32145e-06 4.1944e-06 4.04701e-06
1994 3.31668e-06 4.11412e-06 4.04701e-06
1995 3.31023e-06 4.13485e-06 4.04701e-06
1996 3.30726e-06 4.26949e-06 4.04701e-06
1997 3.31512e-06 4.23613e-06 4.04701e-06
1998 3.30776e-06 4.10471e-06 4.04701e-06
1999 3.30852e-06 4.16978e-06 4.04701e-06
2000 3.30413e-06 4.0833e-06 4.04701e-06
2001 3.31456e-06 4.13013e-06 4.04701e-06
2002 3.30478e-06 4.20543e-06 4.04701e-06
2003 3.31012e-06 4.21592e-06 4.04701e-06
2004 3.30649e-06 4.17167e-06 4.04701e-06
2005 3.29971e-06 4.1477e-06 4.04701e-06
2006 3.3127e-06 4.15476e-06 4.04701e-06
2007 3.30978e-06 4.28131e-06 4.04701e-06
2008 3.3063e-06 4.23316e-06 4.04701e-06
2009 3.29464e-06 4.22045e-06 4.04701e-06
2010 3.30642e-06 4.21289e-06 4.04701e-06
2011 3.3069e-06 4.20449e-06 4.04701e-06
2012 3.31175e-06 4.13045e-06 4.04701e-06
2013 3.31825e-06 4.11441e-06 4.04701e-06
2014 3.30612e-06 4.11772e-06 4.04701e-06
2015 3.30873e-06 4.23953e-06 4.04701e-06
2016 3.29566e-06 4.29676e-06 4.04701e-06
