1 1.99783 0.000809042 1.79769e+308
2 1.62039 0.00122715 0.000809042
3 0.00103421 0.000846216 0.000809042
4 0.0407942 0.000338319 0.000809042
5 0.0403077 0.000353338 0.000338319
6 0.000632978 0.000384751 0.000338319
7 0.0282598 0.000249205 0.000338319
8 0.0198176 0.000421369 0.000249205
9 0.0230118 0.00103467 0.000249205
10 0.000260776 0.000216302 0.000249205
11 0.0145976 0.000133836 0.000216302
12 0.0137414 0.000510557 0.000133836
13 0.000161173 0.000147935 0.000133836
14 0.011753 0.000249217 0.000133836
15 0.0128755 0.000109617 0.000133836
16 0.012965 0.000106581 0.000109617
17 0.00032573 0.00022021 0.000106581
18 0.0107526 5.96574e-05 0.000106581
19 0.000762476 0.000488545 5.96574e-05
20 0.00878646 9.69601e-05 5.96574e-05
21 0.00906663 0.000131223 5.96574e-05
22 0.000588057 0.000263963 5.96574e-05
23 0.00968525 6.84948e-05 5.96574e-05
24 0.00786014 7.34338e-05 5.96574e-05
25 0.000293598 5.29528e-05 5.96574e-05
26 0.00716762 6.60321e-05 5.29528e-05
27 0.00682166 0.00035394 5.29528e-05
28 0.000115956 0.000143134 5.29528e-05
29 0.00691349 8.91009e-05 5.29528e-05
30 0.000216712 4.93303e-05 5.29528e-05
31 0.00068673 5.68572e-05 4.93303e-05
32 0.000472087 4.06396e-05 4.93303e-05
33 0.000534071 9.55047e-05 4.06396e-05
34 0.0061156 4.34007e-05 4.06396e-05
35 0.000296052 0.00016545 4.06396e-05
36 0.000490057 3.9079e-05 4.06396e-05
37 0.000465256 0.000160647 3.9079e-05
38 0.00044163 6.43371e-05 3.9079e-05
39 0.00042049 7.01203e-05 3.9079e-05
40 0.000392492 5.73074e-05 3.9079e-05
41 0.000381365 6.3826e-05 3.9079e-05
42 0.000371829 0.000162064 3.9079e-05
43 0.000354512 0.00085019 3.9079e-05
44 0.000342522 5.08285e-05 3.9079e-05
45 0.000332925 0.000106629 3.9079e-05
46 0.000323501 2.7732e-05 3.9079e-05
47 0.000310066 5.4865e-05 2.7732e-05
48 0.000309507 7.38403e-05 2.7732e-05
49 0.000300435 7.76708e-05 2.7732e-05
50 0.000290133 0.000666154 2.7732e-05
51 0.000288441 4.90121e-05 2.7732e-05
52 0.000278943 5.6651e-05 2.7732e-05
53 0.00026936 0.000321488 2.7732e-05
54 0.00026185 3.71461e-05 2.7732e-05
55 0.000256617 0.00130168 2.7732e-05
56 0.000252369 2.31693e-05 2.7732e-05
57 0.000250638 0.000137428 2.31693e-05
58 0.000245888 5.24822e-05 2.31693e-05
59 0.000233929 0.000457032 2.31693e-05
60 0.00022417 3.37798e-05 2.31693e-05
61 0.000214339 0.000207845 2.31693e-05
62 0.000211332 4.01295e-05 2.31693e-05
63 0.000209384 4.35793e-05 2.31693e-05
64 0.000201127 3.87437e-05 2.31693e-05
65 0.000193802 3.16075e-05 2.31693e-05
66 0.000191927 2.77382e-05 2.31693e-05
67 0.000185466 3.33884e-05 2.31693e-05
68 0.000189383 9.1809e-05 2.31693e-05
69 0.000181599 2.86677e-05 2.31693e-05
70 0.000178187 2.90356e-05 2.31693e-05
71 0.000181789 3.70357e-05 2.31693e-05
72 0.000174164 0.000928165 2.31693e-05
73 0.000170682 0.000915192 2.31693e-05
74 0.000169181 6.21332e-05 2.31693e-05
75 0.00016813 5.8495e-05 2.31693e-05
76 0.00016751 0.00137995 2.31693e-05
77 0.000165405 2.87377e-05 2.31693e-05
78 0.000164031 3.95634e-05 2.31693e-05
79 0.00016614 0.000216659 2.31693e-05
80 0.000163976 2.95786e-05 2.31693e-05
81 0.00017565 6.15284e-05 2.31693e-05
82 0.000161808 2.47409e-05 2.31693e-05
83 0.000160132 0.00010991 2.31693e-05
84 0.000174866 1.97928e-05 2.31693e-05
85 0.000156749 0.000129899 1.97928e-05
86 0.000155789 0.000124941 1.97928e-05
87 0.000164523 3.90601e-05 1.97928e-05
88 0.000161666 3.19067e-05 1.97928e-05
89 0.000161423 0.000733018 1.97928e-05
90 0.000173431 9.48148e-05 1.97928e-05
91 0.000178999 4.11668e-05 1.97928e-05
92 0.000172372 0.000102487 1.97928e-05
93 0.00016161 4.00026e-05 1.97928e-05
94 0.000153157 2.31927e-05 1.97928e-05
95 0.000150927 2.97107e-05 1.97928e-05
96 0.000147748 8.53598e-05 1.97928e-05
97 0.000148007 4.70272e-05 1.97928e-05
98 0.000146897 4.00616e-05 1.97928e-05
99 0.000146385 0.00027488 1.97928e-05
100 0.000145951 3.17846e-05 1.97928e-05
101 0.000151973 2.96791e-05 1.97928e-05
102 0.000146875 3.50618e-05 1.97928e-05
103 0.000143564 0.000352935 1.97928e-05
104 0.000143159 4.14439e-05 1.97928e-05
105 0.000142795 0.000384635 1.97928e-05
106 0.000139292 4.88931e-05 1.97928e-05
107 0.00014124 3.87547e-05 1.97928e-05
108 0.000140313 6.82944e-05 1.97928e-05
109 0.000142181 2.51548e-05 1.97928e-05
110 0.000140744 3.56393e-05 1.97928e-05
111 0.000139913 6.23628e-05 1.97928e-05
112 0.000139578 0.000202425 1.97928e-05
113 0.000138726 4.06586e-05 1.97928e-05
114 0.00013932 8.66709e-05 1.97928e-05
115 0.000138859 0.000497462 1.97928e-05
116 0.000138867 3.94401e-05 1.97928e-05
117 0.000136748 1.91854e-05 1.97928e-05
118 0.000137893 0.000109957 1.91854e-05
119 0.000137623 0.00011063 1.91854e-05
120 0.000134082 1.99457e-05 1.91854e-05
121 0.000135754 1.60237e-05 1.91854e-05
122 0.000135243 2.93898e-05 1.60237e-05
123 0.000135163 6.92969e-05 1.60237e-05
124 0.000134715 2.62046e-05 1.60237e-05
125 0.000134197 5.05676e-05 1.60237e-05
126 0.000134221 2.8712e-05 1.60237e-05
127 0.000137087 1.96675e-05 1.60237e-05
128 0.000133253 5.19569e-05 1.60237e-05
129 0.000132117 7.93895e-05 1.60237e-05
130 0.000131237 3.01063e-05 1.60237e-05
131 0.000132124 4.25507e-05 1.60237e-05
132 0.000128929 1.38686e-05 1.60237e-05
133 0.000129723 2.43961e-05 1.38686e-05
134 0.000131503 4.46381e-05 1.38686e-05
135 0.000129092 4.02379e-05 1.38686e-05
136 0.000127579 1.98526e-05 1.38686e-05
137 0.000128035 1.9467e-05 1.38686e-05
138 0.000126933 1.76124e-05 1.38686e-05
139 0.000124687 1.59141e-05 1.38686e-05
140 0.000126523 1.94426e-05 1.38686e-05
141 0.000125798 4.34432e-05 1.38686e-05
142 0.000125504 2.34574e-05 1.38686e-05
143 0.000125828 6.58096e-05 1.38686e-05
144 0.000124581 8.80562e-05 1.38686e-05
145 0.000123074 2.06425e-05 1.38686e-05
146 0.000123774 2.0863e-05 1.38686e-05
147 0.000122765 1.70027e-05 1.38686e-05
148 0.000121952 5.99802e-05 1.38686e-05
149 0.000121732 5.48804e-05 1.38686e-05
150 0.000121237 2.17372e-05 1.38686e-05
151 0.0001197 0.000126616 1.38686e-05
152 0.000119814 2.02583e-05 1.38686e-05
153 0.00011846 0.000514588 1.38686e-05
154 0.000117536 9.60853e-05 1.38686e-05
155 0.000116957 6.00737e-05 1.38686e-05
156 0.000116477 1.75091e-05 1.38686e-05
157 0.000114616 2.44245e-05 1.38686e-05
158 0.000113252 4.77392e-05 1.38686e-05
159 0.000111821 0.000135512 1.38686e-05
160 0.000111791 2.42794e-05 1.38686e-05
161 0.000110749 0.000422968 1.38686e-05
162 0.00011027 2.06082e-05 1.38686e-05
163 0.000110053 6.37362e-05 1.38686e-05
164 0.000108098 1.37157e-05 1.38686e-05
165 0.000107642 1.67303e-05 1.37157e-05
166 0.000107885 2.62728e-05 1.37157e-05
167 0.000106254 3.46556e-05 1.37157e-05
168 0.000105558 1.87117e-05 1.37157e-05
169 0.000105561 1.5551e-05 1.37157e-05
170 0.000101505 1.73685e-05 1.37157e-05
171 0.000101847 0.000323791 1.37157e-05
172 0.00010048 1.5747e-05 1.37157e-05
173 0.000100087 3.64257e-05 1.37157e-05
174 9.92522e-05 0.00110293 1.37157e-05
175 0.000101577 6.83303e-05 1.37157e-05
176 9.67166e-05 0.000223061 1.37157e-05
177 9.67251e-05 0.00019539 1.37157e-05
178 9.67298e-05 4.26903e-05 1.37157e-05
179 9.47554e-05 7.68762e-05 1.37157e-05
180 9.41315e-05 1.35574e-05 1.37157e-05
181 9.31619e-05 2.0334e-05 1.35574e-05
182 9.28753e-05 1.35258e-05 1.35574e-05
183 9.18649e-05 1.45926e-05 1.35258e-05
184 9.20807e-05 2.06501e-05 1.35258e-05
185 9.01141e-05 2.56309e-05 1.35258e-05
186 9.24884e-05 3.1587e-05 1.35258e-05
187 9.00815e-05 1.33542e-05 1.35258e-05
188 9.04193e-05 6.89812e-05 1.33542e-05
189 8.9194e-05 3.78653e-05 1.33542e-05
190 8.85399e-05 0.000113686 1.33542e-05
191 8.87712e-05 2.58696e-05 1.33542e-05
192 8.88761e-05 4.27796e-05 1.33542e-05
193 8.5985e-05 8.55502e-05 1.33542e-05
194 8.63495e-05 0.000118378 1.33542e-05
195 8.55387e-05 5.08459e-05 1.33542e-05
196 8.56704e-05 3.93674e-05 1.33542e-05
197 8.35894e-05 0.000117732 1.33542e-05
198 8.35884e-05 0.000100096 1.33542e-05
199 8.29814e-05 1.76083e-05 1.33542e-05
200 8.10493e-05 1.50326e-05 1.33542e-05
201 7.58454e-05 2.04424e-05 1.33542e-05
202 7.22215e-05 0.000125039 1.33542e-05
203 6.99755e-05 3.44838e-05 1.33542e-05
204 6.68181e-05 1.80092e-05 1.33542e-05
205 6.62936e-05 2.22476e-05 1.33542e-05
206 6.3086e-05 0.000185096 1.33542e-05
207 6.20805e-05 2.15659e-05 1.33542e-05
208 6.08063e-05 0.000128228 1.33542e-05
209 6.01353e-05 3.48934e-05 1.33542e-05
210 5.87578e-05 0.000859813 1.33542e-05
211 5.79902e-05 1.86723e-05 1.33542e-05
212 5.69568e-05 0.000232458 1.33542e-05
213 5.68721e-05 3.77465e-05 1.33542e-05
214 5.65198e-05 2.8095e-05 1.33542e-05
215 5.75524e-05 2.71918e-05 1.33542e-05
216 5.62316e-05 1.66779e-05 1.33542e-05
217 5.63022e-05 0.000112654 1.33542e-05
218 5.52143e-05 0.000206669 1.33542e-05
219 5.59185e-05 6.53542e-05 1.33542e-05
220 5.4896e-05 6.2043e-05 1.33542e-05
221 5.41253e-05 3.15357e-05 1.33542e-05
222 5.51784e-05 0.000248045 1.33542e-05
223 5.41729e-05 3.2029e-05 1.33542e-05
224 5.37975e-05 0.000500026 1.33542e-05
225 5.41403e-05 1.66126e-05 1.33542e-05
226 5.3317e-05 1.32699e-05 1.33542e-05
227 5.34457e-05 3.33412e-05 1.32699e-05
228 5.30972e-05 6.08121e-05 1.32699e-05
229 5.27992e-05 1.76431e-05 1.32699e-05
230 5.23999e-05 3.44179e-05 1.32699e-05
231 5.15575e-05 7.14386e-05 1.32699e-05
232 5.16401e-05 2.4515e-05 1.32699e-05
233 5.14416e-05 3.18192e-05 1.32699e-05
234 5.19558e-05 1.27879e-05 1.32699e-05
235 5.17415e-05 3.13202e-05 1.27879e-05
236 5.097e-05 0.000382514 1.27879e-05
237 5.10515e-05 2.18516e-05 1.27879e-05
238 5.04186e-05 6.24587e-05 1.27879e-05
239 5.12491e-05 6.96855e-05 1.27879e-05
240 5.04071e-05 8.05683e-05 1.27879e-05
241 4.97892e-05 1.34346e-05 1.27879e-05
242 4.96838e-05 1.41943e-05 1.27879e-05
243 4.94996e-05 1.48009e-05 1.27879e-05
244 4.94263e-05 2.50727e-05 1.27879e-05
245 5.00028e-05 5.21387e-05 1.27879e-05
246 4.98475e-05 0.000219852 1.27879e-05
247 4.91389e-05 1.44611e-05 1.27879e-05
248 4.86312e-05 6.53124e-05 1.27879e-05
249 4.86295e-05 2.09559e-05 1.27879e-05
250 4.87789e-05 1.30614e-05 1.27879e-05
251 4.91109e-05 1.52484e-05 1.27879e-05
252 4.76339e-05 8.74648e-05 1.27879e-05
253 4.69336e-05 5.09259e-05 1.27879e-05
254 4.70182e-05 1.32516e-05 1.27879e-05
255 4.56653e-05 0.000144363 1.27879e-05
256 4.72105e-05 4.30623e-05 1.27879e-05
257 4.69339e-05 0.000114704 1.27879e-05
258 4.69923e-05 9.35346e-05 1.27879e-05
259 4.56031e-05 1.36082e-05 1.27879e-05
260 4.61292e-05 1.69235e-05 1.27879e-05
261 4.57798e-05 1.9624e-05 1.27879e-05
262 4.66876e-05 1.60558e-05 1.27879e-05
263 4.61848e-05 0.000159003 1.27879e-05
264 4.62717e-05 3.37829e-05 1.27879e-05
265 4.55832e-05 1.19839e-05 1.27879e-05
266 4.54839e-05 1.58496e-05 1.19839e-05
267 4.56292e-05 1.49604e-05 1.19839e-05
268 4.58251e-05 2.93269e-05 1.19839e-05
269 4.46647e-05 4.36306e-05 1.19839e-05
270 4.52484e-05 4.51453e-05 1.19839e-05
271 4.48745e-05 1.68327e-05 1.19839e-05
272 4.41729e-05 0.000184164 1.19839e-05
273 4.47963e-05 1.09818e-05 1.19839e-05
274 4.48301e-05 1.12632e-05 1.09818e-05
275 4.45536e-05 2.38332e-05 1.09818e-05
276 4.45726e-05 1.45986e-05 1.09818e-05
277 4.42571e-05 0.000135244 1.09818e-05
278 4.40065e-05 9.21079e-05 1.09818e-05
279 4.34345e-05 1.27949e-05 1.09818e-05
280 4.42779e-05 2.44485e-05 1.09818e-05
281 4.43645e-05 2.66457e-05 1.09818e-05
282 4.31571e-05 2.88115e-05 1.09818e-05
283 4.36412e-05 6.52646e-05 1.09818e-05
284 4.42372e-05 1.34647e-05 1.09818e-05
285 4.37307e-05 1.31167e-05 1.09818e-05
286 4.35845e-05 9.24827e-05 1.09818e-05
287 4.32274e-05 1.74514e-05 1.09818e-05
288 4.27484e-05 1.04253e-05 1.09818e-05
289 4.48471e-05 1.38718e-05 1.04253e-05
290 4.19639e-05 6.81372e-05 1.04253e-05
291 4.32419e-05 1.37056e-05 1.04253e-05
292 4.27393e-05 2.54488e-05 1.04253e-05
293 4.34263e-05 6.58686e-05 1.04253e-05
294 4.31713e-05 1.50223e-05 1.04253e-05
295 4.33086e-05 1.16497e-05 1.04253e-05
296 4.30534e-05 5.69625e-05 1.04253e-05
297 4.17225e-05 9.16808e-06 1.04253e-05
298 4.23505e-05 3.58625e-05 9.16808e-06
299 4.1362e-05 2.21433e-05 9.16808e-06
300 4.19067e-05 2.74645e-05 9.16808e-06
301 4.15963e-05 4.79425e-05 9.16808e-06
302 4.11961e-05 0.000114065 9.16808e-06
303 4.13135e-05 2.15454e-05 9.16808e-06
304 4.26356e-05 1.61063e-05 9.16808e-06
305 4.17462e-05 1.08535e-05 9.16808e-06
306 4.04952e-05 0.000110414 9.16808e-06
307 4.23656e-05 2.44827e-05 9.16808e-06
308 4.08376e-05 0.000827887 9.16808e-06
309 4.12455e-05 1.44139e-05 9.16808e-06
310 4.12301e-05 1.66998e-05 9.16808e-06
311 4.1747e-05 1.08173e-05 9.16808e-06
312 4.01273e-05 1.04779e-05 9.16808e-06
313 4.00791e-05 1.76068e-05 9.16808e-06
314 4.08177e-05 1.52883e-05 9.16808e-06
315 4.07758e-05 7.78837e-05 9.16808e-06
316 4.10106e-05 0.000235243 9.16808e-06
317 4.04553e-05 2.00163e-05 9.16808e-06
318 4.00876e-05 3.37496e-05 9.16808e-06
319 4.00619e-05 1.39922e-05 9.16808e-06
320 4.05321e-05 2.90842e-05 9.16808e-06
321 4.12811e-05 3.37821e-05 9.16808e-06
322 3.96315e-05 1.43806e-05 9.16808e-06
323 4.06825e-05 1.36383e-05 9.16808e-06
324 3.95401e-05 3.29806e-05 9.16808e-06
325 3.91185e-05 0.000125178 9.16808e-06
326 3.99605e-05 0.000171795 9.16808e-06
327 3.87133e-05 2.91967e-05 9.16808e-06
328 4.05976e-05 1.59521e-05 9.16808e-06
329 3.98903e-05 1.78565e-05 9.16808e-06
330 3.91775e-05 1.15798e-05 9.16808e-06
331 3.94617e-05 5.47953e-05 9.16808e-06
332 4.02046e-05 1.95252e-05 9.16808e-06
333 3.9155e-05 3.53368e-05 9.16808e-06
334 3.99353e-05 3.28511e-05 9.16808e-06
335 3.85e-05 3.27145e-05 9.16808e-06
336 3.97819e-05 1.02898e-05 9.16808e-06
337 3.96462e-05 6.06218e-05 9.16808e-06
338 3.91754e-05 4.82213e-05 9.16808e-06
339 3.85055e-05 4.42824e-05 9.16808e-06
340 3.90303e-05 4.72863e-05 9.16808e-06
341 3.72441e-05 9.80897e-05 9.16808e-06
342 3.81671e-05 1.05372e-05 9.16808e-06
343 3.81598e-05 0.000509031 9.16808e-06
344 3.78945e-05 2.05025e-05 9.16808e-06
345 3.73671e-05 9.53966e-06 9.16808e-06
346 3.73618e-05 0.000147503 9.16808e-06
347 3.67355e-05 1.15033e-05 9.16808e-06
348 3.71459e-05 0.000144345 9.16808e-06
349 3.6913e-05 2.18886e-05 9.16808e-06
350 3.62822e-05 1.53479e-05 9.16808e-06
351 3.66497e-05 4.14373e-05 9.16808e-06
352 3.5751e-05 1.41483e-05 9.16808e-06
353 3.60065e-05 1.07347e-05 9.16808e-06
354 3.59187e-05 0.000144149 9.16808e-06
355 3.69747e-05 1.7507e-05 9.16808e-06
356 3.52482e-05 1.06513e-05 9.16808e-06
357 3.59534e-05 1.87589e-05 9.16808e-06
358 3.68654e-05 2.50167e-05 9.16808e-06
359 3.48404e-05 3.06187e-05 9.16808e-06
360 3.55866e-05 3.37435e-05 9.16808e-06
361 3.54266e-05 3.003e-05 9.16808e-06
362 3.5814e-05 1.58131e-05 9.16808e-06
363 3.53826e-05 2.58045e-05 9.16808e-06
364 3.56956e-05 1.08396e-05 9.16808e-06
365 3.57916e-05 1.19481e-05 9.16808e-06
366 3.49575e-05 2.31073e-05 9.16808e-06
367 3.52377e-05 2.01111e-05 9.16808e-06
368 3.49097e-05 2.24912e-05 9.16808e-06
369 3.49585e-05 1.19692e-05 9.16808e-06
370 3.71684e-05 2.44458e-05 9.16808e-06
371 3.47082e-05 1.51267e-05 9.16808e-06
372 3.42197e-05 5.89507e-05 9.16808e-06
373 3.49156e-05 1.47043e-05 9.16808e-06
374 3.44024e-05 1.94674e-05 9.16808e-06
375 3.51917e-05 1.13097e-05 9.16808e-06
376 3.45317e-05 0.000116031 9.16808e-06
377 3.45479e-05 1.80159e-05 9.16808e-06
378 3.48993e-05 0.000126234 9.16808e-06
379 3.40653e-05 1.42906e-05 9.16808e-06
380 3.46355e-05 1.58695e-05 9.16808e-06
381 3.46426e-05 3.25227e-05 9.16808e-06
382 3.43509e-05 2.97433e-05 9.16808e-06
383 3.49352e-05 1.59173e-05 9.16808e-06
384 3.48659e-05 5.77771e-05 9.16808e-06
385 3.37411e-05 0.000134796 9.16808e-06
386 3.36473e-05 1.19744e-05 9.16808e-06
387 3.55418e-05 1.20195e-05 9.16808e-06
388 3.35994e-05 8.07735e-05 9.16808e-06
389 3.44668e-05 1.10387e-05 9.16808e-06
390 3.32136e-05 9.84813e-05 9.16808e-06
391 3.44005e-05 1.13031e-05 9.16808e-06
392 3.4286e-05 1.32003e-05 9.16808e-06
393 3.36037e-05 8.53671e-05 9.16808e-06
394 3.41116e-05 1.66718e-05 9.16808e-06
395 3.37611e-05 0.000114704 9.16808e-06
396 3.31701e-05 4.77626e-05 9.16808e-06
397 3.37029e-05 1.28308e-05 9.16808e-06
398 8.06312e-06 8.21204e-06 9.16808e-06
399 8.07402e-06 7.55377e-06 8.21204e-06
400 7.85823e-06 1.08805e-05 7.55377e-06
401 7.78412e-06 7.07373e-06 7.55377e-06
402 7.63526e-06 8.11431e-06 7.07373e-06
403 7.58097e-06 7.89543e-06 7.07373e-06
404 7.53272e-06 8.15179e-06 7.07373e-06
405 7.53398e-06 7.30005e-06 7.07373e-06
406 7.46266e-06 7.00111e-06 7.07373e-06
407 7.40468e-06 6.73468e-06 7.00111e-06
408 7.51885e-06 6.53893e-06 6.73468e-06
409 7.37306e-06 1.08184e-05 6.53893e-06
410 7.38126e-06 7.36156e-06 6.53893e-06
411 7.38587e-06 6.94921e-06 6.53893e-06
412 7.34321e-06 6.3592e-06 6.53893e-06
413 7.31941e-06 6.55128e-06 6.3592e-06
414 7.31685e-06 7.10711e-06 6.3592e-06
415 7.2728e-06 6.58597e-06 6.3592e-06
416 7.20592e-06 6.41095e-06 6.3592e-06
417 7.23488e-06 6.39e-06 6.3592e-06
418 7.1985e-06 8.58099e-06 6.3592e-06
419 7.25339e-06 7.02251e-06 6.3592e-06
420 7.18544e-06 9.3553e-06 6.3592e-06
421 7.1452e-06 6.32993e-06 6.3592e-06
422 7.16316e-06 6.82135e-06 6.32993e-06
423 7.12705e-06 7.5967e-06 6.32993e-06
424 7.16964e-06 7.0384e-06 6.32993e-06
425 7.05647e-06 6.50428e-06 6.32993e-06
426 7.06555e-06 6.09923e-06 6.32993e-06
427 7.1133e-06 8.18768e-06 6.09923e-06
428 7.08489e-06 6.48191e-06 6.09923e-06
429 7.06779e-06 7.42274e-06 6.09923e-06
430 7.07264e-06 6.40707e-06 6.09923e-06
431 7.03973e-06 6.50141e-06 6.09923e-06
432 7.02987e-06 6.25702e-06 6.09923e-06
433 7.05957e-06 7.85389e-06 6.09923e-06
434 7.01014e-06 6.86872e-06 6.09923e-06
435 7.00582e-06 1.1664e-05 6.09923e-06
436 7.0145e-06 1.06413e-05 6.09923e-06
437 6.96711e-06 9.26167e-06 6.09923e-06
438 6.99906e-06 6.54309e-06 6.09923e-06
439 6.95617e-06 6.14841e-06 6.09923e-06
440 6.92557e-06 7.53328e-06 6.09923e-06
441 6.93711e-06 1.33701e-05 6.09923e-06
442 6.97844e-06 7.92428e-06 6.09923e-06
443 6.93724e-06 7.59324e-06 6.09923e-06
444 6.89238e-06 7.50582e-06 6.09923e-06
445 6.90312e-06 7.80335e-06 6.09923e-06
446 6.90026e-06 7.83721e-06 6.09923e-06
447 6.89101e-06 6.41818e-06 6.09923e-06
448 6.87543e-06 6.04277e-06 6.09923e-06
449 6.87095e-06 6.41125e-06 6.04277e-06
450 6.8356e-06 7.46933e-06 6.04277e-06
451 6.82187e-06 6.19757e-06 6.04277e-06
452 6.85619e-06 6.04784e-06 6.04277e-06
453 6.8046e-06 1.18447e-05 6.04277e-06
454 6.80883e-06 6.26839e-06 6.04277e-06
455 6.81236e-06 6.51628e-06 6.04277e-06
456 6.80821e-06 6.18784e-06 6.04277e-06
457 6.84729e-06 7.68595e-06 6.04277e-06
458 6.7765e-06 7.68087e-06 6.04277e-06
459 6.80583e-06 9.40892e-06 6.04277e-06
460 6.78147e-06 6.87655e-06 6.04277e-06
461 6.74319e-06 6.31757e-06 6.04277e-06
462 6.74245e-06 7.62511e-06 6.04277e-06
463 6.73694e-06 7.47062e-06 6.04277e-06
464 6.72613e-06 6.06988e-06 6.04277e-06
465 6.73399e-06 6.11548e-06 6.04277e-06
466 6.72775e-06 6.14677e-06 6.04277e-06
467 6.76359e-06 6.45448e-06 6.04277e-06
468 6.70462e-06 5.9381e-06 6.04277e-06
469 6.71127e-06 8.91073e-06 5.9381e-06
470 6.79835e-06 6.07664e-06 5.9381e-06
471 6.75498e-06 6.87993e-06 5.9381e-06
472 6.69504e-06 6.56457e-06 5.9381e-06
473 6.65797e-06 5.69954e-06 5.9381e-06
474 6.69243e-06 1.23494e-05 5.69954e-06
475 6.70925e-06 5.91052e-06 5.69954e-06
476 6.68699e-06 6.53199e-06 5.69954e-06
477 6.65079e-06 7.32555e-06 5.69954e-06
478 6.69095e-06 6.01267e-06 5.69954e-06
479 6.64114e-06 6.29622e-06 5.69954e-06
480 6.64926e-06 6.00831e-06 5.69954e-06
481 6.65313e-06 6.17334e-06 5.69954e-06
482 6.64262e-06 6.43156e-06 5.69954e-06
483 6.64114e-06 6.6239e-06 5.69954e-06
484 6.63585e-06 6.2757e-06 5.69954e-06
485 6.6288e-06 1.01114e-05 5.69954e-06
486 6.61456e-06 6.59547e-06 5.69954e-06
487 6.62086e-06 5.76656e-06 5.69954e-06
488 6.59612e-06 1.00936e-05 5.69954e-06
489 6.58859e-06 5.77664e-06 5.69954e-06
490 6.58516e-06 7.84468e-06 5.69954e-06
491 6.56544e-06 6.12329e-06 5.69954e-06
492 6.55532e-06 5.89748e-06 5.69954e-06
493 6.59389e-06 6.05916e-06 5.69954e-06
494 6.57753e-06 1.13727e-05 5.69954e-06
495 6.57108e-06 6.771e-06 5.69954e-06
496 6.57916e-06 5.87063e-06 5.69954e-06
497 6.57796e-06 6.69526e-06 5.69954e-06
498 6.55955e-06 5.71796e-06 5.69954e-06
499 6.53756e-06 5.76059e-06 5.69954e-06
500 6.48957e-06 1.06817e-05 5.69954e-06
501 6.56585e-06 5.75276e-06 5.69954e-06
502 6.52527e-06 7.00644e-06 5.69954e-06
503 6.56675e-06 6.13286e-06 5.69954e-06
504 6.50505e-06 6.03118e-06 5.69954e-06
505 6.52943e-06 9.92346e-06 5.69954e-06
506 6.51468e-06 6.75797e-06 5.69954e-06
507 6.51727e-06 6.46814e-06 5.69954e-06
508 6.4962e-06 1.29938e-05 5.69954e-06
509 6.49257e-06 1.23654e-05 5.69954e-06
510 6.49775e-06 5.76997e-06 5.69954e-06
511 6.44189e-06 5.83184e-06 5.69954e-06
512 6.45201e-06 5.7148e-06 5.69954e-06
513 6.45102e-06 6.82377e-06 5.69954e-06
514 6.47453e-06 6.12044e-06 5.69954e-06
515 6.50463e-06 1.93417e-05 5.69954e-06
516 6.46784e-06 5.96307e-06 5.69954e-06
517 6.45817e-06 1.03973e-05 5.69954e-06
518 6.45895e-06 5.81722e-06 5.69954e-06
519 6.4375e-06 5.96498e-06 5.69954e-06
520 6.4163e-06 9.99796e-06 5.69954e-06
521 6.48651e-06 7.88802e-06 5.69954e-06
522 6.44792e-06 5.56698e-06 5.69954e-06
523 6.40566e-06 5.55058e-06 5.56698e-06
524 6.46223e-06 1.29075e-05 5.55058e-06
525 6.42302e-06 8.86998e-06 5.55058e-06
526 6.42375e-06 5.95276e-06 5.55058e-06
527 6.42391e-06 5.82712e-06 5.55058e-06
528 6.41613e-06 8.42771e-06 5.55058e-06
529 6.41399e-06 1.18105e-05 5.55058e-06
530 6.34289e-06 6.15279e-06 5.55058e-06
531 6.40905e-06 5.53913e-06 5.55058e-06
532 6.39123e-06 5.64428e-06 5.53913e-06
533 6.40561e-06 7.59939e-06 5.53913e-06
534 6.39401e-06 5.68193e-06 5.53913e-06
535 6.37332e-06 5.6269e-06 5.53913e-06
536 6.38396e-06 5.9215e-06 5.53913e-06
537 6.42431e-06 5.67444e-06 5.53913e-06
538 6.39176e-06 7.79638e-06 5.53913e-06
539 6.37712e-06 5.70334e-06 5.53913e-06
540 6.39518e-06 5.87363e-06 5.53913e-06
541 6.37967e-06 5.81576e-06 5.53913e-06
542 6.5074e-06 9.21336e-06 5.53913e-06
543 6.36726e-06 5.5318e-06 5.53913e-06
544 6.34559e-06 5.54897e-06 5.5318e-06
545 6.32438e-06 8.47067e-06 5.5318e-06
546 6.40033e-06 5.62095e-06 5.5318e-06
547 6.33362e-06 5.48566e-06 5.5318e-06
548 6.36409e-06 8.15378e-06 5.48566e-06
549 6.41191e-06 6.1187e-06 5.48566e-06
550 6.36502e-06 8.82739e-06 5.48566e-06
551 6.35526e-06 6.38291e-06 5.48566e-06
552 6.30016e-06 6.70888e-06 5.48566e-06
553 6.35143e-06 5.54376e-06 5.48566e-06
554 6.36138e-06 7.01309e-06 5.48566e-06
555 6.29389e-06 5.60065e-06 5.48566e-06
556 6.31015e-06 7.28133e-06 5.48566e-06
557 6.28851e-06 5.62866e-06 5.48566e-06
558 6.32272e-06 5.60628e-06 5.48566e-06
559 6.30684e-06 5.5222e-06 5.48566e-06
560 6.26201e-06 5.60239e-06 5.48566e-06
561 6.30359e-06 5.4331e-06 5.48566e-06
562 6.32611e-06 5.42343e-06 5.4331e-06
563 6.30281e-06 6.60161e-06 5.42343e-06
564 6.27535e-06 5.77785e-06 5.42343e-06
565 6.28067e-06 6.82133e-06 5.42343e-06
566 6.26334e-06 8.55108e-06 5.42343e-06
567 6.27173e-06 5.82217e-06 5.42343e-06
568 6.25855e-06 6.77912e-06 5.42343e-06
569 6.26732e-06 6.02136e-06 5.42343e-06
570 6.26435e-06 6.28055e-06 5.42343e-06
571 6.28514e-06 6.47043e-06 5.42343e-06
572 6.25132e-06 5.60771e-06 5.42343e-06
573 6.22332e-06 5.58324e-06 5.42343e-06
574 6.26771e-06 6.40857e-06 5.42343e-06
575 6.3048e-06 5.59522e-06 5.42343e-06
576 6.2764e-06 5.55342e-06 5.42343e-06
577 6.24001e-06 1.03986e-05 5.42343e-06
578 6.30709e-06 7.97076e-06 5.42343e-06
579 6.21851e-06 5.49165e-06 5.42343e-06
580 6.22434e-06 5.8279e-06 5.42343e-06
581 6.21427e-06 7.22518e-06 5.42343e-06
582 6.23687e-06 5.7488e-06 5.42343e-06
583 6.21683e-06 8.21121e-06 5.42343e-06
584 6.23137e-06 1.22444e-05 5.42343e-06
585 6.21524e-06 5.36459e-06 5.42343e-06
586 6.23898e-06 1.10805e-05 5.36459e-06
587 6.23135e-06 5.34494e-06 5.36459e-06
588 6.1998e-06 7.79646e-06 5.34494e-06
589 6.18072e-06 5.44874e-06 5.34494e-06
590 6.19509e-06 5.56018e-06 5.34494e-06
591 6.17472e-06 5.36614e-06 5.34494e-06
592 6.25015e-06 6.08142e-06 5.34494e-06
593 6.18188e-06 6.90552e-06 5.34494e-06
594 6.1911e-06 5.67783e-06 5.34494e-06
595 6.14182e-06 1.33488e-05 5.34494e-06
596 6.1827e-06 5.73821e-06 5.34494e-06
597 6.19097e-06 6.43432e-06 5.34494e-06
598 6.18081e-06 6.65817e-06 5.34494e-06
599 6.16433e-06 8.85288e-06 5.34494e-06
600 6.16943e-06 5.51973e-06 5.34494e-06
601 6.17247e-06 5.26633e-06 5.34494e-06
602 6.16416e-06 6.03928e-06 5.26633e-06
603 6.1865e-06 5.44654e-06 5.26633e-06
604 6.15129e-06 5.2591e-06 5.26633e-06
605 6.13179e-06 5.7521e-06 5.2591e-06
606 6.14238e-06 6.29078e-06 5.2591e-06
607 6.13892e-06 5.41084e-06 5.2591e-06
608 6.22684e-06 1.91976e-05 5.2591e-06
609 6.11446e-06 5.5438e-06 5.2591e-06
610 6.18402e-06 5.24057e-06 5.2591e-06
611 6.09717e-06 5.27281e-06 5.24057e-06
612 6.1728e-06 1.34074e-05 5.24057e-06
613 6.11133e-06 8.39662e-06 5.24057e-06
614 6.15282e-06 7.70514e-06 5.24057e-06
615 6.11949e-06 6.27291e-06 5.24057e-06
616 6.12645e-06 6.23068e-06 5.24057e-06
617 6.11715e-06 6.12657e-06 5.24057e-06
618 6.12461e-06 9.33402e-06 5.24057e-06
619 6.20435e-06 5.77588e-06 5.24057e-06
620 6.14031e-06 7.88619e-06 5.24057e-06
621 6.08648e-06 5.36063e-06 5.24057e-06
622 6.17512e-06 9.63185e-06 5.24057e-06
623 6.11236e-06 5.71294e-06 5.24057e-06
624 6.06025e-06 5.58558e-06 5.24057e-06
625 6.08786e-06 5.7476e-06 5.24057e-06
626 6.0886e-06 5.83117e-06 5.24057e-06
627 6.12741e-06 5.55232e-06 5.24057e-06
628 6.09894e-06 6.73699e-06 5.24057e-06
629 6.10869e-06 5.8415e-06 5.24057e-06
630 6.08785e-06 8.81203e-06 5.24057e-06
631 6.10497e-06 5.33734e-06 5.24057e-06
632 6.10329e-06 5.98593e-06 5.24057e-06
633 6.04923e-06 1.44068e-05 5.24057e-06
634 6.09998e-06 1.15556e-05 5.24057e-06
635 6.07399e-06 5.76553e-06 5.24057e-06
636 6.08432e-06 7.61474e-06 5.24057e-06
637 6.06894e-06 5.31734e-06 5.24057e-06
638 6.06269e-06 6.78882e-06 5.24057e-06
639 6.07954e-06 7.58648e-06 5.24057e-06
640 6.10584e-06 7.96616e-06 5.24057e-06
641 6.09046e-06 5.36373e-06 5.24057e-06
642 6.07241e-06 5.55924e-06 5.24057e-06
643 6.11742e-06 5.31818e-06 5.24057e-06
644 6.02872e-06 5.26667e-06 5.24057e-06
645 6.00898e-06 9.20317e-06 5.24057e-06
646 6.07194e-06 6.47519e-06 5.24057e-06
647 6.04634e-06 1.03496e-05 5.24057e-06
648 6.19566e-06 9.70628e-06 5.24057e-06
649 6.03867e-06 9.59825e-06 5.24057e-06
650 6.01632e-06 5.27946e-06 5.24057e-06
651 6.05771e-06 5.61971e-06 5.24057e-06
652 6.04937e-06 6.17691e-06 5.24057e-06
653 6.00288e-06 5.15297e-06 5.24057e-06
654 5.98585e-06 5.21822e-06 5.15297e-06
655 6.05218e-06 1.09457e-05 5.15297e-06
656 6.03815e-06 7.4088e-06 5.15297e-06
657 6.03115e-06 5.67744e-06 5.15297e-06
658 6.01448e-06 5.07396e-06 5.15297e-06
659 5.9935e-06 7.15594e-06 5.07396e-06
660 6.01203e-06 5.30027e-06 5.07396e-06
661 5.9847e-06 6.8566e-06 5.07396e-06
662 6.03761e-06 5.33829e-06 5.07396e-06
663 6.01919e-06 5.45438e-06 5.07396e-06
664 6.01887e-06 6.89904e-06 5.07396e-06
665 6.03571e-06 6.94966e-06 5.07396e-06
666 5.9707e-06 5.74237e-06 5.07396e-06
667 6.01518e-06 7.97961e-06 5.07396e-06
668 5.98285e-06 5.87932e-06 5.07396e-06
669 5.9445e-06 8.29228e-06 5.07396e-06
670 5.99454e-06 5.05609e-06 5.07396e-06
671 5.96097e-06 1.02096e-05 5.05609e-06
672 5.98482e-06 5.12727e-06 5.05609e-06
673 5.97479e-06 5.22367e-06 5.05609e-06
674 5.98637e-06 5.9161e-06 5.05609e-06
675 5.96622e-06 5.31543e-06 5.05609e-06
676 5.96146e-06 6.74355e-06 5.05609e-06
677 6.00203e-06 6.46412e-06 5.05609e-06
678 6.02655e-06 5.96129e-06 5.05609e-06
679 6.02876e-06 5.56795e-06 5.05609e-06
680 5.95065e-06 5.63144e-06 5.05609e-06
681 5.97645e-06 5.52292e-06 5.05609e-06
682 5.94725e-06 6.48725e-06 5.05609e-06
683 5.9714e-06 5.87452e-06 5.05609e-06
684 5.96177e-06 7.20725e-06 5.05609e-06
685 5.96335e-06 6.36016e-06 5.05609e-06
686 5.97731e-06 5.73978e-06 5.05609e-06
687 5.93584e-06 5.31037e-06 5.05609e-06
688 5.95977e-06 5.73811e-06 5.05609e-06
689 5.97357e-06 8.56245e-06 5.05609e-06
690 5.9218e-06 7.79431e-06 5.05609e-06
691 5.90971e-06 9.25226e-06 5.05609e-06
692 5.96311e-06 5.08762e-06 5.05609e-06
693 5.93958e-06 9.46787e-06 5.05609e-06
694 5.93281e-06 5.88822e-06 5.05609e-06
695 5.97367e-06 5.4928e-06 5.05609e-06
696 5.94403e-06 6.26055e-06 5.05609e-06
697 5.91321e-06 5.29944e-06 5.05609e-06
698 5.89609e-06 5.77928e-06 5.05609e-06
699 5.90758e-06 5.46414e-06 5.05609e-06
700 5.93382e-06 1.10149e-05 5.05609e-06
701 5.94739e-06 6.49057e-06 5.05609e-06
702 5.95499e-06 5.30475e-06 5.05609e-06
703 5.97297e-06 6.51847e-06 5.05609e-06
704 5.99575e-06 5.34617e-06 5.05609e-06
705 5.94441e-06 5.52326e-06 5.05609e-06
706 5.91484e-06 6.25436e-06 5.05609e-06
707 5.90368e-06 6.03389e-06 5.05609e-06
708 5.90413e-06 5.45179e-06 5.05609e-06
709 5.9188e-06 5.19228e-06 5.05609e-06
710 5.89012e-06 5.10352e-06 5.05609e-06
711 5.9227e-06 6.28751e-06 5.05609e-06
712 5.88881e-06 9.52932e-06 5.05609e-06
713 5.89196e-06 1.02489e-05 5.05609e-06
714 5.97988e-06 5.49993e-06 5.05609e-06
715 5.88005e-06 6.424e-06 5.05609e-06
716 5.88705e-06 8.48763e-06 5.05609e-06
717 5.90713e-06 5.21604e-06 5.05609e-06
718 5.91136e-06 5.17193e-06 5.05609e-06
719 5.91133e-06 5.44141e-06 5.05609e-06
720 5.92473e-06 5.47514e-06 5.05609e-06
721 5.89666e-06 9.62381e-06 5.05609e-06
722 5.86183e-06 5.29616e-06 5.05609e-06
723 5.86344e-06 7.38512e-06 5.05609e-06
724 5.86785e-06 9.20385e-06 5.05609e-06
725 5.90053e-06 5.23718e-06 5.05609e-06
726 5.90983e-06 5.77035e-06 5.05609e-06
727 5.89243e-06 5.11059e-06 5.05609e-06
728 5.88434e-06 5.26057e-06 5.05609e-06
729 5.89627e-06 5.25354e-06 5.05609e-06
730 5.89271e-06 6.27778e-06 5.05609e-06
731 5.88809e-06 5.09117e-06 5.05609e-06
732 5.84592e-06 5.42112e-06 5.05609e-06
733 5.85653e-06 5.27552e-06 5.05609e-06
734 5.91834e-06 7.97285e-06 5.05609e-06
735 5.888e-06 5.97228e-06 5.05609e-06
736 5.91229e-06 5.63802e-06 5.05609e-06
737 5.83768e-06 5.03878e-06 5.05609e-06
738 5.86463e-06 6.04829e-06 5.03878e-06
739 5.85003e-06 5.79191e-06 5.03878e-06
740 5.85195e-06 8.35303e-06 5.03878e-06
741 5.8345e-06 5.29961e-06 5.03878e-06
742 5.90335e-06 7.74073e-06 5.03878e-06
743 5.86692e-06 5.88197e-06 5.03878e-06
744 6.1995e-06 6.10489e-06 5.03878e-06
745 5.86723e-06 5.95223e-06 5.03878e-06
746 5.83047e-06 5.84617e-06 5.03878e-06
747 5.81825e-06 8.10516e-06 5.03878e-06
748 5.82815e-06 4.96337e-06 5.03878e-06
749 5.83229e-06 5.20099e-06 4.96337e-06
750 5.87374e-06 5.71721e-06 4.96337e-06
751 5.90529e-06 5.3235e-06 4.96337e-06
752 5.82461e-06 5.41021e-06 4.96337e-06
753 5.85179e-06 5.10869e-06 4.96337e-06
754 5.82848e-06 1.31225e-05 4.96337e-06
755 5.83158e-06 6.49116e-06 4.96337e-06
756 5.83717e-06 7.40869e-06 4.96337e-06
757 5.84596e-06 5.70328e-06 4.96337e-06
758 5.82061e-06 6.29632e-06 4.96337e-06
759 5.87184e-06 8.35894e-06 4.96337e-06
760 5.87127e-06 5.43715e-06 4.96337e-06
761 5.83419e-06 6.75218e-06 4.96337e-06
762 5.84006e-06 4.93495e-06 4.96337e-06
763 5.82327e-06 7.54809e-06 4.93495e-06
764 5.82314e-06 5.59581e-06 4.93495e-06
765 5.81002e-06 5.63095e-06 4.93495e-06
766 5.82643e-06 6.01713e-06 4.93495e-06
767 5.80333e-06 6.74894e-06 4.93495e-06
768 5.86203e-06 5.02763e-06 4.93495e-06
769 5.79343e-06 6.7616e-06 4.93495e-06
770 5.8011e-06 5.53527e-06 4.93495e-06
771 5.82289e-06 5.03947e-06 4.93495e-06
772 5.81086e-06 5.00403e-06 4.93495e-06
773 5.81934e-06 5.0793e-06 4.93495e-06
774 5.81327e-06 8.75262e-06 4.93495e-06
775 5.81011e-06 6.2749e-06 4.93495e-06
776 5.77304e-06 6.36023e-06 4.93495e-06
777 5.76969e-06 6.50506e-06 4.93495e-06
778 5.82824e-06 6.18752e-06 4.93495e-06
779 5.78009e-06 4.92534e-06 4.93495e-06
780 5.78495e-06 8.87424e-06 4.92534e-06
781 5.80508e-06 6.13338e-06 4.92534e-06
782 5.77029e-06 5.12717e-06 4.92534e-06
783 5.78232e-06 4.91185e-06 4.92534e-06
784 5.80903e-06 5.94375e-06 4.91185e-06
785 5.77303e-06 4.88217e-06 4.91185e-06
786 5.76743e-06 9.38223e-06 4.88217e-06
787 5.79985e-06 9.92714e-06 4.88217e-06
788 5.76329e-06 5.80054e-06 4.88217e-06
789 5.78481e-06 9.84836e-06 4.88217e-06
790 5.75441e-06 5.00006e-06 4.88217e-06
791 5.76963e-06 4.89785e-06 4.88217e-06
792 5.76126e-06 5.82733e-06 4.88217e-06
793 5.75126e-06 5.53853e-06 4.88217e-06
794 5.72577e-06 5.82547e-06 4.88217e-06
795 5.78156e-06 5.00605e-06 4.88217e-06
796 5.88037e-06 5.74004e-06 4.88217e-06
797 5.73806e-06 7.30762e-06 4.88217e-06
798 5.74459e-06 5.17964e-06 4.88217e-06
799 5.89469e-06 7.40327e-06 4.88217e-06
800 5.7396e-06 5.59374e-06 4.88217e-06
801 5.73339e-06 5.37198e-06 4.88217e-06
802 5.73431e-06 5.24394e-06 4.88217e-06
803 5.74236e-06 7.28586e-06 4.88217e-06
804 5.83217e-06 5.73262e-06 4.88217e-06
805 5.78762e-06 1.44266e-05 4.88217e-06
806 5.74566e-06 5.05897e-06 4.88217e-06
807 5.90531e-06 6.87537e-06 4.88217e-06
808 5.73406e-06 5.47507e-06 4.88217e-06
809 5.71953e-06 5.57478e-06 4.88217e-06
810 5.80979e-06 5.39281e-06 4.88217e-06
811 5.75542e-06 4.94882e-06 4.88217e-06
812 5.72504e-06 5.03794e-06 4.88217e-06
813 5.74535e-06 6.0489e-06 4.88217e-06
814 5.73136e-06 4.90941e-06 4.88217e-06
815 5.71893e-06 6.70702e-06 4.88217e-06
816 5.69639e-06 1.00853e-05 4.88217e-06
817 5.73418e-06 5.8309e-06 4.88217e-06
818 5.73749e-06 5.08111e-06 4.88217e-06
819 5.73028e-06 2.27083e-05 4.88217e-06
820 5.74444e-06 5.06631e-06 4.88217e-06
821 5.69345e-06 6.30989e-06 4.88217e-06
822 5.75086e-06 8.17401e-06 4.88217e-06
823 5.74383e-06 6.9393e-06 4.88217e-06
824 5.70919e-06 7.82287e-06 4.88217e-06
825 5.71019e-06 5.1537e-06 4.88217e-06
826 5.6912e-06 6.46942e-06 4.88217e-06
827 5.70383e-06 6.48219e-06 4.88217e-06
828 5.75679e-06 4.9867e-06 4.88217e-06
829 5.68716e-06 5.6457e-06 4.88217e-06
830 5.69394e-06 5.56368e-06 4.88217e-06
831 5.6886e-06 4.97584e-06 4.88217e-06
832 5.7079e-06 5.02398e-06 4.88217e-06
833 5.71407e-06 6.80586e-06 4.88217e-06
834 5.6976e-06 5.03425e-06 4.88217e-06
835 5.69711e-06 5.55467e-06 4.88217e-06
836 5.69092e-06 5.249e-06 4.88217e-06
837 5.72257e-06 8.47829e-06 4.88217e-06
838 5.8502e-06 5.37784e-06 4.88217e-06
839 5.70454e-06 5.50842e-06 4.88217e-06
840 5.69622e-06 5.49752e-06 4.88217e-06
841 5.67242e-06 5.31892e-06 4.88217e-06
842 5.83973e-06 6.00434e-06 4.88217e-06
843 5.69209e-06 5.50854e-06 4.88217e-06
844 5.77795e-06 5.03213e-06 4.88217e-06
845 5.87084e-06 4.81885e-06 4.88217e-06
846 5.71398e-06 5.41177e-06 4.81885e-06
847 5.68025e-06 6.92461e-06 4.81885e-06
848 5.69631e-06 5.19531e-06 4.81885e-06
849 5.65335e-06 6.06497e-06 4.81885e-06
850 5.67864e-06 5.67275e-06 4.81885e-06
851 5.68273e-06 5.01137e-06 4.81885e-06
852 5.81209e-06 1.60493e-05 4.81885e-06
853 5.67016e-06 5.09372e-06 4.81885e-06
854 5.67447e-06 6.4166e-06 4.81885e-06
855 5.68983e-06 7.5051e-06 4.81885e-06
856 5.64545e-06 5.64821e-06 4.81885e-06
857 5.65304e-06 8.01783e-06 4.81885e-06
858 5.7229e-06 5.39185e-06 4.81885e-06
859 5.67099e-06 5.33829e-06 4.81885e-06
860 5.70438e-06 5.94855e-06 4.81885e-06
861 5.63263e-06 6.18111e-06 4.81885e-06
862 5.75137e-06 6.98194e-06 4.81885e-06
863 5.63415e-06 7.23322e-06 4.81885e-06
864 5.67988e-06 4.88844e-06 4.81885e-06
865 5.69852e-06 4.94635e-06 4.81885e-06
866 5.66785e-06 4.94505e-06 4.81885e-06
867 5.6954e-06 4.87697e-06 4.81885e-06
868 5.67989e-06 1.54421e-05 4.81885e-06
869 5.64502e-06 5.06177e-06 4.81885e-06
870 5.6768e-06 1.11477e-05 4.81885e-06
871 5.64593e-06 5.25552e-06 4.81885e-06
872 5.65484e-06 5.82803e-06 4.81885e-06
873 5.66339e-06 8.98631e-06 4.81885e-06
874 5.66555e-06 5.34422e-06 4.81885e-06
875 5.65504e-06 5.87972e-06 4.81885e-06
876 5.67414e-06 5.88124e-06 4.81885e-06
877 5.62921e-06 6.34247e-06 4.81885e-06
878 5.60971e-06 6.31088e-06 4.81885e-06
879 5.65285e-06 5.05367e-06 4.81885e-06
880 5.62484e-06 4.96022e-06 4.81885e-06
881 5.64177e-06 6.41476e-06 4.81885e-06
882 5.62685e-06 5.20974e-06 4.81885e-06
883 5.61854e-06 5.08996e-06 4.81885e-06
884 5.57421e-06 5.33124e-06 4.81885e-06
885 5.60417e-06 7.22347e-06 4.81885e-06
886 5.66028e-06 6.51225e-06 4.81885e-06
887 5.63504e-06 4.7786e-06 4.81885e-06
888 5.63905e-06 6.75399e-06 4.7786e-06
889 5.58558e-06 9.27334e-06 4.7786e-06
890 5.60596e-06 5.17266e-06 4.7786e-06
891 5.64893e-06 5.60687e-06 4.7786e-06
892 5.63919e-06 5.28897e-06 4.7786e-06
893 5.64898e-06 5.38053e-06 4.7786e-06
894 5.61539e-06 6.38911e-06 4.7786e-06
895 5.65347e-06 5.87335e-06 4.7786e-06
896 5.61147e-06 4.80372e-06 4.7786e-06
897 5.62581e-06 5.36811e-06 4.7786e-06
898 5.63091e-06 5.66363e-06 4.7786e-06
899 5.68948e-06 5.63209e-06 4.7786e-06
900 5.6263e-06 6.83311e-06 4.7786e-06
901 5.60881e-06 8.2574e-06 4.7786e-06
902 5.63007e-06 4.86828e-06 4.7786e-06
903 5.60553e-06 5.80326e-06 4.7786e-06
904 5.62063e-06 5.09824e-06 4.7786e-06
905 5.58842e-06 5.86077e-06 4.7786e-06
906 5.60646e-06 5.05272e-06 4.7786e-06
907 5.59722e-06 6.09645e-06 4.7786e-06
908 5.62087e-06 5.6489e-06 4.7786e-06
909 5.59042e-06 4.97387e-06 4.7786e-06
910 5.57628e-06 4.86724e-06 4.7786e-06
911 5.58913e-06 4.95986e-06 4.7786e-06
912 5.59011e-06 4.84354e-06 4.7786e-06
913 5.55487e-06 5.78967e-06 4.7786e-06
914 5.60885e-06 4.93971e-06 4.7786e-06
915 5.63896e-06 4.99739e-06 4.7786e-06
916 5.54734e-06 4.81208e-06 4.7786e-06
917 5.58468e-06 5.07338e-06 4.7786e-06
918 5.59917e-06 4.97935e-06 4.7786e-06
919 5.5938e-06 4.94603e-06 4.7786e-06
920 5.56999e-06 1.01493e-05 4.7786e-06
921 5.56385e-06 7.42167e-06 4.7786e-06
922 5.57017e-06 9.697e-06 4.7786e-06
923 5.5652e-06 4.74042e-06 4.7786e-06
924 5.59195e-06 4.75743e-06 4.74042e-06
925 5.56124e-06 5.19709e-06 4.74042e-06
926 5.66823e-06 8.7581e-06 4.74042e-06
927 5.56767e-06 1.15193e-05 4.74042e-06
928 5.59222e-06 1.18856e-05 4.74042e-06
929 5.55993e-06 5.77651e-06 4.74042e-06
930 5.59259e-06 8.03487e-06 4.74042e-06
931 5.62979e-06 5.51322e-06 4.74042e-06
932 5.62752e-06 4.78004e-06 4.74042e-06
933 5.55859e-06 5.01776e-06 4.74042e-06
934 5.62389e-06 5.42472e-06 4.74042e-06
935 5.54849e-06 5.13981e-06 4.74042e-06
936 5.88808e-06 4.88903e-06 4.74042e-06
937 5.57196e-06 5.66969e-06 4.74042e-06
938 5.55557e-06 6.01731e-06 4.74042e-06
939 5.53589e-06 7.59418e-06 4.74042e-06
940 5.56438e-06 4.76355e-06 4.74042e-06
941 5.56643e-06 5.47479e-06 4.74042e-06
942 5.57087e-06 5.62393e-06 4.74042e-06
943 5.57303e-06 4.75595e-06 4.74042e-06
944 5.58736e-06 5.06027e-06 4.74042e-06
945 5.55268e-06 5.47649e-06 4.74042e-06
946 5.51581e-06 6.03295e-06 4.74042e-06
947 5.59968e-06 5.00883e-06 4.74042e-06
948 5.57035e-06 4.85253e-06 4.74042e-06
949 5.53249e-06 1.1336e-05 4.74042e-06
950 5.54775e-06 4.86706e-06 4.74042e-06
951 5.57432e-06 4.74291e-06 4.74042e-06
952 5.56091e-06 1.57471e-05 4.74042e-06
953 5.60426e-06 8.11882e-06 4.74042e-06
954 5.55793e-06 7.23636e-06 4.74042e-06
955 5.67751e-06 7.74853e-06 4.74042e-06
956 5.54414e-06 5.16388e-06 4.74042e-06
957 5.56153e-06 4.81088e-06 4.74042e-06
958 5.53766e-06 4.88894e-06 4.74042e-06
959 5.53925e-06 4.83684e-06 4.74042e-06
960 5.55018e-06 5.51167e-06 4.74042e-06
961 5.52574e-06 4.85719e-06 4.74042e-06
962 5.57517e-06 5.19132e-06 4.74042e-06
963 5.60323e-06 5.2942e-06 4.74042e-06
964 5.77657e-06 5.47336e-06 4.74042e-06
965 5.59329e-06 1.19472e-05 4.74042e-06
966 5.57315e-06 5.25688e-06 4.74042e-06
967 5.53737e-06 4.74857e-06 4.74042e-06
968 5.53249e-06 5.36562e-06 4.74042e-06
969 5.50042e-06 4.82188e-06 4.74042e-06
970 5.53495e-06 5.06888e-06 4.74042e-06
971 5.52302e-06 1.05722e-05 4.74042e-06
972 5.51396e-06 6.14347e-06 4.74042e-06
973 5.55254e-06 4.91788e-06 4.74042e-06
974 5.53389e-06 4.77959e-06 4.74042e-06
975 5.49628e-06 4.72568e-06 4.74042e-06
976 5.55611e-06 4.82191e-06 4.72568e-06
977 5.53496e-06 5.11019e-06 4.72568e-06
978 5.53022e-06 6.01411e-06 4.72568e-06
979 5.50631e-06 5.93332e-06 4.72568e-06
980 5.52002e-06 5.95063e-06 4.72568e-06
981 5.49136e-06 1.99281e-05 4.72568e-06
982 5.51712e-06 8.69373e-06 4.72568e-06
983 5.54386e-06 6.03013e-06 4.72568e-06
984 5.51527e-06 5.13015e-06 4.72568e-06
985 5.51799e-06 4.72502e-06 4.72568e-06
986 5.49821e-06 4.76413e-06 4.72502e-06
987 5.49126e-06 5.60568e-06 4.72502e-06
988 5.49758e-06 5.43205e-06 4.72502e-06
989 5.51555e-06 1.38367e-05 4.72502e-06
990 5.50137e-06 5.58093e-06 4.72502e-06
991 5.52164e-06 4.66011e-06 4.72502e-06
992 5.50428e-06 4.82831e-06 4.66011e-06
993 5.50483e-06 4.99994e-06 4.66011e-06
994 5.48838e-06 7.47093e-06 4.66011e-06
995 5.49815e-06 4.98632e-06 4.66011e-06
996 5.49072e-06 5.75302e-06 4.66011e-06
997 5.47906e-06 9.54795e-06 4.66011e-06
998 5.47345e-06 4.9432e-06 4.66011e-06
999 5.73392e-06 4.98379e-06 4.66011e-06
1000 5.50709e-06 4.82113e-06 4.66011e-06
1001 5.51399e-06 7.37095e-06 4.66011e-06
1002 5.76338e-06 1.07316e-05 4.66011e-06
1003 5.51315e-06 7.44695e-06 4.66011e-06
1004 5.52535e-06 4.98501e-06 4.66011e-06
1005 5.49436e-06 4.62807e-06 4.66011e-06
1006 5.52373e-06 4.81987e-06 4.62807e-06
1007 5.47497e-06 6.45363e-06 4.62807e-06
1008 5.48456e-06 5.48538e-06 4.62807e-06
1009 5.45111e-06 4.6979e-06 4.62807e-06
1010 5.50511e-06 4.94351e-06 4.62807e-06
1011 5.47481e-06 5.0845e-06 4.62807e-06
1012 5.50946e-06 5.77773e-06 4.62807e-06
1013 5.4686e-06 9.39454e-06 4.62807e-06
1014 5.48954e-06 9.3282e-06 4.62807e-06
1015 5.54758e-06 4.7745e-06 4.62807e-06
1016 5.46911e-06 5.0114e-06 4.62807e-06
1017 5.4909e-06 6.39997e-06 4.62807e-06
1018 5.47194e-06 8.06064e-06 4.62807e-06
1019 5.47664e-06 7.44683e-06 4.62807e-06
1020 5.50448e-06 4.87109e-06 4.62807e-06
1021 5.47335e-06 9.17017e-06 4.62807e-06
1022 5.47423e-06 6.33869e-06 4.62807e-06
1023 5.47668e-06 4.74655e-06 4.62807e-06
1024 5.49163e-06 6.85364e-06 4.62807e-06
1025 5.46085e-06 4.72609e-06 4.62807e-06
1026 5.45203e-06 1.15875e-05 4.62807e-06
1027 5.56164e-06 8.12386e-06 4.62807e-06
1028 5.46103e-06 5.5871e-06 4.62807e-06
1029 5.49264e-06 9.37662e-06 4.62807e-06
1030 5.45562e-06 6.95872e-06 4.62807e-06
1031 5.52876e-06 5.82444e-06 4.62807e-06
1032 5.45106e-06 5.93876e-06 4.62807e-06
1033 5.49321e-06 6.13897e-06 4.62807e-06
1034 5.46729e-06 5.47931e-06 4.62807e-06
1035 5.46113e-06 5.08539e-06 4.62807e-06
1036 5.51296e-06 4.84677e-06 4.62807e-06
1037 5.44317e-06 5.59692e-06 4.62807e-06
1038 5.42532e-06 5.38048e-06 4.62807e-06
1039 5.44311e-06 4.98137e-06 4.62807e-06
1040 5.43694e-06 8.50766e-06 4.62807e-06
1041 5.46055e-06 8.87885e-06 4.62807e-06
1042 5.42361e-06 5.92935e-06 4.62807e-06
1043 5.45914e-06 4.63458e-06 4.62807e-06
1044 5.43664e-06 5.61207e-06 4.62807e-06
1045 5.42191e-06 9.85714e-06 4.62807e-06
1046 5.50697e-06 4.71315e-06 4.62807e-06
1047 5.50165e-06 4.76466e-06 4.62807e-06
1048 5.42093e-06 6.49503e-06 4.62807e-06
1049 5.46673e-06 4.91829e-06 4.62807e-06
1050 5.43061e-06 6.88298e-06 4.62807e-06
1051 5.45598e-06 8.72047e-06 4.62807e-06
1052 5.45297e-06 5.41455e-06 4.62807e-06
1053 5.43575e-06 6.37964e-06 4.62807e-06
1054 5.51658e-06 5.02556e-06 4.62807e-06
1055 5.42254e-06 9.4444e-06 4.62807e-06
1056 5.58446e-06 7.2242e-06 4.62807e-06
1057 5.4488e-06 6.97881e-06 4.62807e-06
1058 5.42001e-06 4.89519e-06 4.62807e-06
1059 5.45281e-06 4.95845e-06 4.62807e-06
1060 5.43283e-06 1.07903e-05 4.62807e-06
1061 5.51118e-06 5.56357e-06 4.62807e-06
1062 5.44036e-06 5.60219e-06 4.62807e-06
1063 5.42366e-06 5.01688e-06 4.62807e-06
1064 5.43331e-06 6.10011e-06 4.62807e-06
1065 5.43038e-06 6.44004e-06 4.62807e-06
1066 5.46296e-06 5.57521e-06 4.62807e-06
1067 5.44076e-06 8.46996e-06 4.62807e-06
1068 5.42823e-06 1.14472e-05 4.62807e-06
1069 5.44298e-06 5.20924e-06 4.62807e-06
1070 5.41141e-06 4.69288e-06 4.62807e-06
1071 5.46713e-06 4.89287e-06 4.62807e-06
1072 5.39385e-06 4.71299e-06 4.62807e-06
1073 5.44185e-06 5.58975e-06 4.62807e-06
1074 5.43045e-06 8.00247e-06 4.62807e-06
1075 5.40123e-06 6.27981e-06 4.62807e-06
1076 5.41981e-06 4.71602e-06 4.62807e-06
1077 5.45184e-06 1.14031e-05 4.62807e-06
1078 5.42356e-06 4.74481e-06 4.62807e-06
1079 5.414e-06 5.00687e-06 4.62807e-06
1080 5.41943e-06 5.0028e-06 4.62807e-06
1081 5.45892e-06 4.92938e-06 4.62807e-06
1082 5.50461e-06 1.12464e-05 4.62807e-06
1083 5.42797e-06 4.97167e-06 4.62807e-06
1084 5.41728e-06 4.84743e-06 4.62807e-06
1085 5.43743e-06 5.89455e-06 4.62807e-06
1086 5.41494e-06 4.77424e-06 4.62807e-06
1087 5.44967e-06 5.55905e-06 4.62807e-06
1088 5.63572e-06 4.75303e-06 4.62807e-06
1089 5.42737e-06 7.17445e-06 4.62807e-06
1090 5.4674e-06 4.77557e-06 4.62807e-06
1091 5.41643e-06 4.83118e-06 4.62807e-06
1092 5.43653e-06 5.65583e-06 4.62807e-06
1093 5.38412e-06 4.80816e-06 4.62807e-06
1094 5.71294e-06 6.23035e-06 4.62807e-06
1095 5.39216e-06 5.64222e-06 4.62807e-06
1096 5.40223e-06 4.91725e-06 4.62807e-06
1097 5.44301e-06 4.92616e-06 4.62807e-06
1098 5.75453e-06 5.59436e-06 4.62807e-06
1099 5.51334e-06 8.10935e-06 4.62807e-06
1100 5.40643e-06 4.61418e-06 4.62807e-06
1101 5.42296e-06 5.62473e-06 4.61418e-06
1102 5.4162e-06 4.72213e-06 4.61418e-06
1103 5.37498e-06 4.73866e-06 4.61418e-06
1104 5.39654e-06 5.08462e-06 4.61418e-06
1105 5.61147e-06 4.6368e-06 4.61418e-06
1106 5.40442e-06 5.17443e-06 4.61418e-06
1107 5.40123e-06 9.20827e-06 4.61418e-06
1108 5.68194e-06 4.71983e-06 4.61418e-06
1109 5.40246e-06 5.86208e-06 4.61418e-06
1110 5.41667e-06 4.85689e-06 4.61418e-06
1111 5.39793e-06 1.06595e-05 4.61418e-06
1112 5.38327e-06 7.68241e-06 4.61418e-06
1113 5.40582e-06 4.90486e-06 4.61418e-06
1114 5.34032e-06 4.81936e-06 4.61418e-06
1115 5.41437e-06 4.80217e-06 4.61418e-06
1116 5.86743e-06 8.65466e-06 4.61418e-06
1117 5.38406e-06 7.41474e-06 4.61418e-06
1118 5.38972e-06 4.70109e-06 4.61418e-06
1119 5.34699e-06 4.54171e-06 4.61418e-06
1120 5.38117e-06 8.48097e-06 4.54171e-06
1121 5.372e-06 4.92932e-06 4.54171e-06
1122 5.39827e-06 4.55598e-06 4.54171e-06
1123 5.60356e-06 8.35685e-06 4.54171e-06
1124 5.4557e-06 6.11918e-06 4.54171e-06
1125 5.35936e-06 1.45243e-05 4.54171e-06
1126 5.445e-06 5.42085e-06 4.54171e-06
1127 5.37132e-06 5.26375e-06 4.54171e-06
1128 5.36789e-06 4.66503e-06 4.54171e-06
1129 5.38919e-06 5.24715e-06 4.54171e-06
1130 5.40805e-06 4.64457e-06 4.54171e-06
1131 5.41536e-06 5.41803e-06 4.54171e-06
1132 5.36042e-06 5.70843e-06 4.54171e-06
1133 5.38634e-06 5.08631e-06 4.54171e-06
1134 5.37112e-06 5.13787e-06 4.54171e-06
1135 5.37748e-06 5.10984e-06 4.54171e-06
1136 5.71633e-06 4.91819e-06 4.54171e-06
1137 5.37495e-06 6.58925e-06 4.54171e-06
1138 5.36192e-06 6.10601e-06 4.54171e-06
1139 5.39412e-06 5.69715e-06 4.54171e-06
1140 5.38481e-06 5.51924e-06 4.54171e-06
1141 5.41218e-06 4.68372e-06 4.54171e-06
1142 5.34564e-06 6.04549e-06 4.54171e-06
1143 5.39758e-06 5.19378e-06 4.54171e-06
1144 5.38464e-06 5.01436e-06 4.54171e-06
1145 5.36156e-06 4.94882e-06 4.54171e-06
1146 5.37257e-06 6.36711e-06 4.54171e-06
1147 5.38026e-06 4.728e-06 4.54171e-06
1148 5.33709e-06 4.57648e-06 4.54171e-06
1149 5.36942e-06 1.28472e-05 4.54171e-06
1150 5.35538e-06 4.84016e-06 4.54171e-06
1151 5.71246e-06 5.49526e-06 4.54171e-06
1152 5.36357e-06 5.02998e-06 4.54171e-06
1153 5.37666e-06 7.23491e-06 4.54171e-06
1154 5.33811e-06 6.36756e-06 4.54171e-06
1155 5.34127e-06 6.96836e-06 4.54171e-06
1156 5.33929e-06 5.05503e-06 4.54171e-06
1157 5.37016e-06 4.69208e-06 4.54171e-06
1158 5.34718e-06 7.04439e-06 4.54171e-06
1159 5.32862e-06 5.66677e-06 4.54171e-06
1160 5.35197e-06 1.38879e-05 4.54171e-06
1161 5.36419e-06 8.27244e-06 4.54171e-06
1162 5.37282e-06 4.86171e-06 4.54171e-06
1163 5.35962e-06 1.15582e-05 4.54171e-06
1164 5.40272e-06 5.07999e-06 4.54171e-06
1165 5.33708e-06 5.81636e-06 4.54171e-06
1166 5.38782e-06 8.72211e-06 4.54171e-06
1167 5.36885e-06 4.67711e-06 4.54171e-06
1168 5.33374e-06 4.79155e-06 4.54171e-06
1169 5.34635e-06 4.83427e-06 4.54171e-06
1170 5.40766e-06 5.74142e-06 4.54171e-06
1171 5.33894e-06 5.87263e-06 4.54171e-06
1172 5.33491e-06 4.5712e-06 4.54171e-06
1173 5.38387e-06 7.13569e-06 4.54171e-06
1174 5.35501e-06 8.17879e-06 4.54171e-06
1175 5.44668e-06 7.3532e-06 4.54171e-06
1176 5.38191e-06 5.2476e-06 4.54171e-06
1177 5.33814e-06 5.03419e-06 4.54171e-06
1178 5.33897e-06 6.00123e-06 4.54171e-06
1179 5.33944e-06 4.62111e-06 4.54171e-06
1180 5.35269e-06 5.51397e-06 4.54171e-06
1181 5.34562e-06 8.61324e-06 4.54171e-06
1182 5.34224e-06 6.9961e-06 4.54171e-06
1183 5.34343e-06 6.02553e-06 4.54171e-06
1184 5.33501e-06 4.60382e-06 4.54171e-06
1185 5.34707e-06 7.32048e-06 4.54171e-06
1186 5.49571e-06 4.93878e-06 4.54171e-06
1187 5.34179e-06 4.64956e-06 4.54171e-06
1188 5.33362e-06 4.76872e-06 4.54171e-06
1189 5.36207e-06 4.65968e-06 4.54171e-06
1190 5.33443e-06 5.39296e-06 4.54171e-06
1191 5.33343e-06 6.67795e-06 4.54171e-06
1192 5.36251e-06 4.57004e-06 4.54171e-06
1193 5.32932e-06 4.81027e-06 4.54171e-06
1194 5.32306e-06 5.66536e-06 4.54171e-06
1195 5.35737e-06 5.32857e-06 4.54171e-06
1196 5.32166e-06 4.97244e-06 4.54171e-06
1197 6.17719e-06 4.58141e-06 4.54171e-06
1198 5.35722e-06 6.39735e-06 4.54171e-06
1199 5.4455e-06 5.57492e-06 4.54171e-06
1200 5.32156e-06 1.04382e-05 4.54171e-06
1201 5.70023e-06 7.25039e-06 4.54171e-06
1202 5.32969e-06 5.17702e-06 4.54171e-06
1203 5.34011e-06 4.86274e-06 4.54171e-06
1204 5.33385e-06 4.59831e-06 4.54171e-06
1205 5.39142e-06 1.33223e-05 4.54171e-06
1206 5.3245e-06 6.28332e-06 4.54171e-06
1207 5.33353e-06 4.7791e-06 4.54171e-06
1208 5.30112e-06 6.1633e-06 4.54171e-06
1209 5.41192e-06 5.23246e-06 4.54171e-06
1210 5.32397e-06 9.26209e-06 4.54171e-06
1211 5.3335e-06 4.8737e-06 4.54171e-06
1212 5.29501e-06 5.07216e-06 4.54171e-06
1213 5.30965e-06 6.43517e-06 4.54171e-06
1214 5.31498e-06 4.95455e-06 4.54171e-06
1215 5.33231e-06 7.29552e-06 4.54171e-06
1216 5.29357e-06 7.24284e-06 4.54171e-06
1217 5.29822e-06 6.92048e-06 4.54171e-06
1218 5.29483e-06 4.68669e-06 4.54171e-06
1219 5.32146e-06 4.58385e-06 4.54171e-06
1220 3.76931e-06 4.31092e-06 4.54171e-06
1221 3.7928e-06 4.43698e-06 4.31092e-06
1222 3.77285e-06 4.38296e-06 4.31092e-06
1223 3.7767e-06 4.32544e-06 4.31092e-06
1224 3.76341e-06 4.70307e-06 4.31092e-06
1225 3.76264e-06 4.51646e-06 4.31092e-06
1226 3.76457e-06 4.36069e-06 4.31092e-06
1227 3.76661e-06 4.43223e-06 4.31092e-06
1228 3.75374e-06 4.75375e-06 4.31092e-06
1229 3.75829e-06 4.3237e-06 4.31092e-06
1230 3.75306e-06 4.40724e-06 4.31092e-06
1231 3.74778e-06 4.39154e-06 4.31092e-06
1232 3.75132e-06 4.79888e-06 4.31092e-06
1233 3.7549e-06 4.31673e-06 4.31092e-06
1234 3.74747e-06 4.27377e-06 4.31092e-06
1235 3.75147e-06 5.1214e-06 4.27377e-06
1236 3.73679e-06 4.31121e-06 4.27377e-06
1237 3.74243e-06 5.13993e-06 4.27377e-06
1238 3.74768e-06 4.35325e-06 4.27377e-06
1239 3.75322e-06 4.80056e-06 4.27377e-06
1240 3.73803e-06 4.43444e-06 4.27377e-06
1241 3.73699e-06 4.62236e-06 4.27377e-06
1242 3.73913e-06 4.36543e-06 4.27377e-06
1243 3.73406e-06 4.50463e-06 4.27377e-06
1244 3.74845e-06 4.34811e-06 4.27377e-06
1245 3.72764e-06 4.32173e-06 4.27377e-06
1246 3.7446e-06 4.38163e-06 4.27377e-06
1247 3.73425e-06 4.50418e-06 4.27377e-06
1248 3.7332e-06 4.99787e-06 4.27377e-06
1249 3.72801e-06 4.35624e-06 4.27377e-06
1250 3.72497e-06 4.29149e-06 4.27377e-06
1251 3.72964e-06 4.29949e-06 4.27377e-06
1252 3.73505e-06 4.23136e-06 4.27377e-06
1253 3.72323e-06 4.45593e-06 4.23136e-06
1254 3.73326e-06 4.42195e-06 4.23136e-06
1255 3.72466e-06 4.32074e-06 4.23136e-06
1256 3.74372e-06 4.2486e-06 4.23136e-06
1257 3.71804e-06 4.22937e-06 4.23136e-06
1258 3.73582e-06 4.36662e-06 4.22937e-06
1259 3.72098e-06 4.81754e-06 4.22937e-06
1260 3.72059e-06 4.22349e-06 4.22937e-06
1261 3.72336e-06 4.40654e-06 4.22349e-06
1262 3.72967e-06 4.27789e-06 4.22349e-06
1263 3.71286e-06 4.42581e-06 4.22349e-06
1264 3.71768e-06 4.2753e-06 4.22349e-06
1265 3.72114e-06 4.32156e-06 4.22349e-06
1266 3.71572e-06 4.55235e-06 4.22349e-06
1267 3.72038e-06 4.2492e-06 4.22349e-06
1268 3.70741e-06 4.3557e-06 4.22349e-06
1269 3.71541e-06 4.30791e-06 4.22349e-06
1270 3.71822e-06 4.42736e-06 4.22349e-06
1271 3.70897e-06 4.24437e-06 4.22349e-06
1272 3.70967e-06 4.38955e-06 4.22349e-06
1273 3.71135e-06 4.28692e-06 4.22349e-06
1274 3.71006e-06 4.39466e-06 4.22349e-06
1275 3.70874e-06 4.43603e-06 4.22349e-06
1276 3.71555e-06 4.32943e-06 4.22349e-06
1277 3.70536e-06 4.23601e-06 4.22349e-06
1278 3.7088e-06 4.36363e-06 4.22349e-06
1279 3.71912e-06 4.38456e-06 4.22349e-06
1280 3.71057e-06 4.6174e-06 4.22349e-06
1281 3.71113e-06 4.93347e-06 4.22349e-06
1282 3.70734e-06 4.1914e-06 4.22349e-06
1283 3.70447e-06 4.22987e-06 4.1914e-06
1284 3.70544e-06 4.42273e-06 4.1914e-06
1285 3.70839e-06 4.33843e-06 4.1914e-06
1286 3.69768e-06 4.29005e-06 4.1914e-06
1287 3.70802e-06 4.31758e-06 4.1914e-06
1288 3.71267e-06 4.33154e-06 4.1914e-06
1289 3.70197e-06 4.44173e-06 4.1914e-06
1290 3.70079e-06 4.37686e-06 4.1914e-06
1291 3.70433e-06 4.4452e-06 4.1914e-06
1292 3.70349e-06 4.2035e-06 4.1914e-06
1293 3.6943e-06 4.24142e-06 4.1914e-06
1294 3.70022e-06 4.45666e-06 4.1914e-06
1295 3.7017e-06 4.65571e-06 4.1914e-06
1296 3.70503e-06 4.31185e-06 4.1914e-06
1297 3.70293e-06 4.9443e-06 4.1914e-06
1298 3.69609e-06 4.22907e-06 4.1914e-06
1299 3.68986e-06 4.25143e-06 4.1914e-06
1300 3.69786e-06 4.50116e-06 4.1914e-06
1301 3.68829e-06 4.20216e-06 4.1914e-06
1302 3.6956e-06 4.3867e-06 4.1914e-06
1303 3.69296e-06 4.30364e-06 4.1914e-06
1304 3.69101e-06 4.65117e-06 4.1914e-06
1305 3.69275e-06 4.42372e-06 4.1914e-06
1306 3.69456e-06 4.49084e-06 4.1914e-06
1307 3.6986e-06 4.3897e-06 4.1914e-06
1308 3.69296e-06 4.2772e-06 4.1914e-06
1309 3.68673e-06 4.28351e-06 4.1914e-06
1310 3.68479e-06 4.45826e-06 4.1914e-06
1311 3.68611e-06 4.44763e-06 4.1914e-06
1312 3.68772e-06 4.27277e-06 4.1914e-06
1313 3.68802e-06 4.26082e-06 4.1914e-06
1314 3.68137e-06 4.32433e-06 4.1914e-06
1315 3.68483e-06 4.304e-06 4.1914e-06
1316 3.67834e-06 4.49465e-06 4.1914e-06
1317 3.69227e-06 4.30868e-06 4.1914e-06
1318 3.68878e-06 4.38418e-06 4.1914e-06
1319 3.68422e-06 4.47384e-06 4.1914e-06
1320 3.68564e-06 4.36139e-06 4.1914e-06
1321 3.68686e-06 4.29932e-06 4.1914e-06
1322 3.69324e-06 4.20001e-06 4.1914e-06
1323 3.68387e-06 4.20496e-06 4.1914e-06
1324 3.66576e-06 4.31864e-06 4.1914e-06
1325 3.69004e-06 4.30857e-06 4.1914e-06
1326 3.67997e-06 4.47171e-06 4.1914e-06
1327 3.6764e-06 4.24227e-06 4.1914e-06
1328 3.69148e-06 4.67127e-06 4.1914e-06
1329 3.68029e-06 4.29605e-06 4.1914e-06
1330 3.67843e-06 4.28381e-06 4.1914e-06
1331 3.68473e-06 4.2385e-06 4.1914e-06
1332 3.67985e-06 4.31579e-06 4.1914e-06
1333 3.67246e-06 4.36905e-06 4.1914e-06
1334 3.67017e-06 4.17094e-06 4.1914e-06
1335 3.67422e-06 4.75042e-06 4.17094e-06
1336 3.67548e-06 4.61277e-06 4.17094e-06
1337 3.67375e-06 4.23934e-06 4.17094e-06
1338 3.6817e-06 4.96288e-06 4.17094e-06
1339 3.6725e-06 4.25183e-06 4.17094e-06
1340 3.67639e-06 5.08742e-06 4.17094e-06
1341 3.68003e-06 4.42131e-06 4.17094e-06
1342 3.66472e-06 5.09536e-06 4.17094e-06
1343 3.67883e-06 4.11845e-06 4.17094e-06
1344 3.66191e-06 4.54054e-06 4.11845e-06
1345 3.6722e-06 4.89247e-06 4.11845e-06
1346 3.67712e-06 4.54339e-06 4.11845e-06
1347 3.66894e-06 4.27999e-06 4.11845e-06
1348 3.67301e-06 4.53353e-06 4.11845e-06
1349 3.6746e-06 4.21671e-06 4.11845e-06
1350 3.67471e-06 4.3237e-06 4.11845e-06
1351 3.65612e-06 4.56743e-06 4.11845e-06
1352 3.66653e-06 4.27816e-06 4.11845e-06
1353 3.66309e-06 4.34111e-06 4.11845e-06
1354 3.66666e-06 4.1682e-06 4.11845e-06
1355 3.66347e-06 4.28962e-06 4.11845e-06
1356 3.65948e-06 4.29779e-06 4.11845e-06
1357 3.67476e-06 4.19855e-06 4.11845e-06
1358 3.66722e-06 4.32785e-06 4.11845e-06
1359 3.65244e-06 4.22394e-06 4.11845e-06
1360 3.66221e-06 4.68772e-06 4.11845e-06
1361 3.66281e-06 4.28183e-06 4.11845e-06
1362 3.652e-06 4.27497e-06 4.11845e-06
1363 3.65273e-06 4.9989e-06 4.11845e-06
1364 3.6583e-06 4.20377e-06 4.11845e-06
1365 3.66503e-06 4.32267e-06 4.11845e-06
1366 3.66529e-06 4.30088e-06 4.11845e-06
1367 3.65949e-06 4.28098e-06 4.11845e-06
1368 3.66732e-06 4.38873e-06 4.11845e-06
1369 3.65225e-06 4.50016e-06 4.11845e-06
1370 3.66348e-06 4.33474e-06 4.11845e-06
1371 3.66362e-06 4.2425e-06 4.11845e-06
1372 3.65915e-06 4.7187e-06 4.11845e-06
1373 3.65694e-06 4.66028e-06 4.11845e-06
1374 3.66053e-06 4.31611e-06 4.11845e-06
1375 3.65089e-06 4.29417e-06 4.11845e-06
1376 3.65818e-06 4.19575e-06 4.11845e-06
1377 3.65556e-06 4.30828e-06 4.11845e-06
1378 3.66255e-06 4.28499e-06 4.11845e-06
1379 3.64944e-06 4.26333e-06 4.11845e-06
1380 3.65128e-06 4.50558e-06 4.11845e-06
1381 3.6494e-06 4.2558e-06 4.11845e-06
1382 3.65469e-06 4.29051e-06 4.11845e-06
1383 3.65429e-06 4.51596e-06 4.11845e-06
1384 3.6556e-06 4.16286e-06 4.11845e-06
1385 3.6516e-06 4.18742e-06 4.11845e-06
1386 3.66083e-06 4.23689e-06 4.11845e-06
1387 3.65197e-06 4.32528e-06 4.11845e-06
1388 3.65595e-06 4.22332e-06 4.11845e-06
1389 3.64441e-06 4.22874e-06 4.11845e-06
1390 3.64075e-06 4.26736e-06 4.11845e-06
1391 3.64088e-06 4.25215e-06 4.11845e-06
1392 3.65243e-06 4.37923e-06 4.11845e-06
1393 3.64919e-06 4.30478e-06 4.11845e-06
1394 3.65205e-06 4.31644e-06 4.11845e-06
1395 3.64393e-06 4.40045e-06 4.11845e-06
1396 3.65585e-06 4.32515e-06 4.11845e-06
1397 3.64819e-06 4.44735e-06 4.11845e-06
1398 3.64399e-06 4.15507e-06 4.11845e-06
1399 3.65217e-06 4.24263e-06 4.11845e-06
1400 3.64655e-06 4.24674e-06 4.11845e-06
1401 3.64905e-06 4.35066e-06 4.11845e-06
1402 3.66043e-06 4.24682e-06 4.11845e-06
1403 3.63829e-06 4.19965e-06 4.11845e-06
1404 3.63921e-06 4.23992e-06 4.11845e-06
1405 3.64784e-06 4.21471e-06 4.11845e-06
1406 3.64813e-06 4.40422e-06 4.11845e-06
1407 3.63578e-06 4.26022e-06 4.11845e-06
1408 3.63685e-06 4.19598e-06 4.11845e-06
1409 3.63498e-06 4.41715e-06 4.11845e-06
1410 3.64297e-06 4.64515e-06 4.11845e-06
1411 3.6488e-06 4.15226e-06 4.11845e-06
1412 3.63679e-06 4.19237e-06 4.11845e-06
1413 3.63552e-06 4.19446e-06 4.11845e-06
1414 3.63848e-06 4.20055e-06 4.11845e-06
1415 3.6285e-06 4.73804e-06 4.11845e-06
1416 3.63813e-06 4.21686e-06 4.11845e-06
1417 3.63171e-06 4.29592e-06 4.11845e-06
1418 3.64473e-06 5.88725e-06 4.11845e-06
1419 3.64426e-06 4.20167e-06 4.11845e-06
1420 3.63699e-06 4.18967e-06 4.11845e-06
1421 3.63698e-06 4.40037e-06 4.11845e-06
1422 3.63724e-06 4.58014e-06 4.11845e-06
1423 3.64454e-06 4.5089e-06 4.11845e-06
1424 3.633e-06 4.2559e-06 4.11845e-06
1425 3.63699e-06 4.25242e-06 4.11845e-06
1426 3.63713e-06 4.25719e-06 4.11845e-06
1427 3.63034e-06 4.1859e-06 4.11845e-06
1428 3.63976e-06 4.41107e-06 4.11845e-06
1429 3.62911e-06 4.23183e-06 4.11845e-06
1430 3.62402e-06 4.35272e-06 4.11845e-06
1431 3.63668e-06 4.20772e-06 4.11845e-06
1432 3.63891e-06 4.25805e-06 4.11845e-06
1433 3.62779e-06 4.43039e-06 4.11845e-06
1434 3.63315e-06 4.39593e-06 4.11845e-06
1435 3.6315e-06 4.42484e-06 4.11845e-06
1436 3.65043e-06 4.18257e-06 4.11845e-06
1437 3.62353e-06 5.06699e-06 4.11845e-06
1438 3.63166e-06 4.61607e-06 4.11845e-06
1439 3.61793e-06 4.34115e-06 4.11845e-06
1440 3.63242e-06 4.21087e-06 4.11845e-06
1441 3.62683e-06 4.22121e-06 4.11845e-06
1442 3.62684e-06 4.29493e-06 4.11845e-06
1443 3.62922e-06 4.19998e-06 4.11845e-06
1444 3.40993e-06 4.12293e-06 4.11845e-06
1445 3.41121e-06 4.09692e-06 4.11845e-06
1446 3.40045e-06 4.12663e-06 4.09692e-06
1447 3.40552e-06 4.15801e-06 4.09692e-06
1448 3.40403e-06 4.04914e-06 4.09692e-06
1449 3.40838e-06 4.05298e-06 4.04914e-06
1450 3.40768e-06 4.16635e-06 4.04914e-06
1451 3.40899e-06 4.18659e-06 4.04914e-06
1452 3.40085e-06 4.16077e-06 4.04914e-06
1453 3.40935e-06 4.14895e-06 4.04914e-06
1454 3.4094e-06 4.12201e-06 4.04914e-06
1455 3.40526e-06 4.09169e-06 4.04914e-06
1456 3.40172e-06 4.13144e-06 4.04914e-06
1457 3.40171e-06 4.07402e-06 4.04914e-06
1458 3.40364e-06 4.16667e-06 4.04914e-06
1459 3.40401e-06 4.14322e-06 4.04914e-06
1460 3.40266e-06 4.12001e-06 4.04914e-06
1461 3.40452e-06 4.15675e-06 4.04914e-06
1462 3.40142e-06 4.16498e-06 4.04914e-06
1463 3.40095e-06 4.14904e-06 4.04914e-06
1464 3.40454e-06 4.10928e-06 4.04914e-06
1465 3.40484e-06 4.07239e-06 4.04914e-06
1466 3.40524e-06 4.10411e-06 4.04914e-06
1467 3.39768e-06 4.24051e-06 4.04914e-06
1468 3.39991e-06 4.25605e-06 4.04914e-06
1469 3.4042e-06 4.07385e-06 4.04914e-06
1470 3.40009e-06 4.10409e-06 4.04914e-06
1471 3.39431e-06 4.09363e-06 4.04914e-06
1472 3.40425e-06 4.194e-06 4.04914e-06
1473 3.39624e-06 4.0695e-06 4.04914e-06
1474 3.40231e-06 4.33049e-06 4.04914e-06
1475 3.40213e-06 4.18964e-06 4.04914e-06
1476 3.39729e-06 4.0781e-06 4.04914e-06
1477 3.40273e-06 4.19197e-06 4.04914e-06
1478 3.40045e-06 4.15205e-06 4.04914e-06
1479 3.39776e-06 4.20739e-06 4.04914e-06
1480 3.40723e-06 4.11082e-06 4.04914e-06
1481 3.4056e-06 4.26247e-06 4.04914e-06
1482 3.40352e-06 4.24166e-06 4.04914e-06
1483 3.39784e-06 4.08731e-06 4.04914e-06
1484 3.40075e-06 4.16942e-06 4.04914e-06
1485 3.39684e-06 4.12824e-06 4.04914e-06
1486 3.40527e-06 4.21064e-06 4.04914e-06
1487 3.39562e-06 4.1737e-06 4.04914e-06
1488 3.38967e-06 4.10182e-06 4.04914e-06
1489 3.395e-06 4.09666e-06 4.04914e-06
1490 3.39538e-06 4.06632e-06 4.04914e-06
1491 3.39875e-06 4.14929e-06 4.04914e-06
1492 3.39622e-06 4.11778e-06 4.04914e-06
1493 3.40492e-06 4.18187e-06 4.04914e-06
1494 3.39838e-06 4.16992e-06 4.04914e-06
1495 3.39424e-06 4.10219e-06 4.04914e-06
1496 3.38846e-06 4.13898e-06 4.04914e-06
1497 3.39281e-06 4.09239e-06 4.04914e-06
1498 3.40298e-06 4.13145e-06 4.04914e-06
1499 3.39829e-06 4.08155e-06 4.04914e-06
1500 3.39962e-06 4.07149e-06 4.04914e-06
1501 3.39681e-06 4.2108e-06 4.04914e-06
1502 3.39934e-06 4.15838e-06 4.04914e-06
1503 3.39952e-06 4.08748e-06 4.04914e-06
1504 3.3936e-06 4.17841e-06 4.04914e-06
1505 3.39366e-06 4.12098e-06 4.04914e-06
1506 3.39303e-06 4.12499e-06 4.04914e-06
1507 3.39049e-06 4.10743e-06 4.04914e-06
1508 3.39735e-06 4.12599e-06 4.04914e-06
1509 3.39973e-06 4.17907e-06 4.04914e-06
1510 3.3949e-06 4.1347e-06 4.04914e-06
1511 3.39556e-06 4.1684e-06 4.04914e-06
1512 3.39603e-06 4.05423e-06 4.04914e-06
1513 3.39371e-06 4.08876e-06 4.04914e-06
1514 3.38931e-06 4.05163e-06 4.04914e-06
1515 3.391e-06 4.10905e-06 4.04914e-06
1516 3.39121e-06 4.38908e-06 4.04914e-06
1517 3.39638e-06 4.07581e-06 4.04914e-06
1518 3.39499e-06 4.16398e-06 4.04914e-06
1519 3.39305e-06 4.14327e-06 4.04914e-06
1520 3.39823e-06 4.1334e-06 4.04914e-06
1521 3.38764e-06 4.11927e-06 4.04914e-06
1522 3.39193e-06 4.13264e-06 4.04914e-06
1523 3.39216e-06 4.06602e-06 4.04914e-06
1524 3.39445e-06 4.09516e-06 4.04914e-06
1525 3.38656e-06 4.1508e-06 4.04914e-06
1526 3.39331e-06 4.1125e-06 4.04914e-06
1527 3.39615e-06 4.08981e-06 4.04914e-06
1528 3.38447e-06 4.09308e-06 4.04914e-06
1529 3.39285e-06 4.10462e-06 4.04914e-06
1530 3.3928e-06 4.28476e-06 4.04914e-06
1531 3.38642e-06 4.11086e-06 4.04914e-06
1532 3.38636e-06 4.21567e-06 4.04914e-06
1533 3.39422e-06 4.11192e-06 4.04914e-06
1534 3.39035e-06 4.07716e-06 4.04914e-06
1535 3.39828e-06 4.07858e-06 4.04914e-06
1536 3.38088e-06 4.15838e-06 4.04914e-06
1537 3.38934e-06 4.1443e-06 4.04914e-06
1538 3.39009e-06 4.2069e-06 4.04914e-06
1539 3.38802e-06 4.16652e-06 4.04914e-06
1540 3.39368e-06 4.09384e-06 4.04914e-06
1541 3.38792e-06 4.20419e-06 4.04914e-06
1542 3.39051e-06 4.09586e-06 4.04914e-06
1543 3.38772e-06 4.15058e-06 4.04914e-06
1544 3.38942e-06 4.1426e-06 4.04914e-06
1545 3.38687e-06 4.12543e-06 4.04914e-06
1546 3.38629e-06 4.32511e-06 4.04914e-06
1547 3.38952e-06 4.04634e-06 4.04914e-06
1548 3.39347e-06 4.0957e-06 4.04634e-06
1549 3.38309e-06 4.08683e-06 4.04634e-06
1550 3.3814e-06 4.16863e-06 4.04634e-06
1551 3.38914e-06 4.08954e-06 4.04634e-06
1552 3.38797e-06 4.14357e-06 4.04634e-06
1553 3.38913e-06 4.06598e-06 4.04634e-06
1554 3.37926e-06 4.08815e-06 4.04634e-06
1555 3.38196e-06 4.16653e-06 4.04634e-06
1556 3.38857e-06 4.06651e-06 4.04634e-06
1557 3.39091e-06 4.10461e-06 4.04634e-06
1558 3.3819e-06 4.08761e-06 4.04634e-06
1559 3.38585e-06 4.15777e-06 4.04634e-06
1560 3.39099e-06 4.16617e-06 4.04634e-06
1561 3.38683e-06 4.09342e-06 4.04634e-06
1562 3.38672e-06 4.15815e-06 4.04634e-06
1563 3.38304e-06 4.05332e-06 4.04634e-06
1564 3.38654e-06 4.23275e-06 4.04634e-06
1565 3.39255e-06 4.14268e-06 4.04634e-06
1566 3.38149e-06 4.12242e-06 4.04634e-06
1567 3.38586e-06 4.1093e-06 4.04634e-06
1568 3.38548e-06 4.11691e-06 4.04634e-06
1569 3.37973e-06 4.10642e-06 4.04634e-06
1570 3.38606e-06 4.0473e-06 4.04634e-06
1571 3.38278e-06 4.08636e-06 4.04634e-06
1572 3.38436e-06 4.06568e-06 4.04634e-06
1573 3.38313e-06 4.04293e-06 4.04634e-06
1574 3.37768e-06 4.14433e-06 4.04293e-06
1575 3.38528e-06 4.13945e-06 4.04293e-06
1576 3.38156e-06 4.22953e-06 4.04293e-06
1577 3.3752e-06 4.13187e-06 4.04293e-06
1578 3.38468e-06 4.07176e-06 4.04293e-06
1579 3.3857e-06 4.11937e-06 4.04293e-06
1580 3.38165e-06 4.06195e-06 4.04293e-06
1581 3.38247e-06 4.06441e-06 4.04293e-06
1582 3.38102e-06 4.1829e-06 4.04293e-06
1583 3.38292e-06 4.14436e-06 4.04293e-06
1584 3.38172e-06 4.07307e-06 4.04293e-06
1585 3.37999e-06 4.1874e-06 4.04293e-06
1586 3.38867e-06 4.14631e-06 4.04293e-06
1587 3.38289e-06 4.12626e-06 4.04293e-06
1588 3.37945e-06 4.17781e-06 4.04293e-06
1589 3.3848e-06 4.21456e-06 4.04293e-06
1590 3.3869e-06 4.14978e-06 4.04293e-06
1591 3.38417e-06 4.07559e-06 4.04293e-06
1592 3.38451e-06 4.06853e-06 4.04293e-06
1593 3.38164e-06 4.09419e-06 4.04293e-06
1594 3.38225e-06 4.16516e-06 4.04293e-06
1595 3.37976e-06 4.11005e-06 4.04293e-06
1596 3.37905e-06 4.16867e-06 4.04293e-06
1597 3.37935e-06 4.11106e-06 4.04293e-06
1598 3.38011e-06 4.08918e-06 4.04293e-06
1599 3.38268e-06 4.08412e-06 4.04293e-06
1600 3.38262e-06 4.13702e-06 4.04293e-06
1601 3.38398e-06 4.18749e-06 4.04293e-06
1602 3.37795e-06 4.10715e-06 4.04293e-06
1603 3.38351e-06 4.09688e-06 4.04293e-06
1604 3.37651e-06 4.10541e-06 4.04293e-06
1605 3.38099e-06 4.14679e-06 4.04293e-06
1606 3.38277e-06 4.09152e-06 4.04293e-06
1607 3.38401e-06 4.11203e-06 4.04293e-06
1608 3.37837e-06 4.08404e-06 4.04293e-06
1609 3.37393e-06 4.0665e-06 4.04293e-06
1610 3.37822e-06 4.13569e-06 4.04293e-06
1611 3.37726e-06 4.14007e-06 4.04293e-06
1612 3.38206e-06 4.18912e-06 4.04293e-06
1613 3.38444e-06 4.01861e-06 4.04293e-06
1614 3.38156e-06 4.15602e-06 4.01861e-06
1615 3.3784e-06 4.07024e-06 4.01861e-06
1616 3.37427e-06 4.0881e-06 4.01861e-06
1617 3.36933e-06 4.07619e-06 4.01861e-06
1618 3.37371e-06 4.10001e-06 4.01861e-06
1619 3.3788e-06 4.06852e-06 4.01861e-06
1620 3.37588e-06 4.14476e-06 4.01861e-06
1621 3.37483e-06 4.17082e-06 4.01861e-06
1622 3.37581e-06 4.09025e-06 4.01861e-06
1623 3.37871e-06 4.25546e-06 4.01861e-06
1624 3.37227e-06 4.2097e-06 4.01861e-06
1625 3.37673e-06 4.07068e-06 4.01861e-06
1626 3.37393e-06 4.10516e-06 4.01861e-06
1627 3.37439e-06 4.14644e-06 4.01861e-06
1628 3.3805e-06 4.07756e-06 4.01861e-06
1629 3.37574e-06 4.05756e-06 4.01861e-06
1630 3.37595e-06 4.12357e-06 4.01861e-06
1631 3.37732e-06 4.16536e-06 4.01861e-06
1632 3.37658e-06 4.14754e-06 4.01861e-06
1633 3.36962e-06 4.09339e-06 4.01861e-06
1634 3.37265e-06 4.08583e-06 4.01861e-06
1635 3.37287e-06 4.0984e-06 4.01861e-06
1636 3.38107e-06 4.12087e-06 4.01861e-06
1637 3.382e-06 4.08197e-06 4.01861e-06
1638 3.37642e-06 4.15789e-06 4.01861e-06
1639 3.37491e-06 4.12239e-06 4.01861e-06
1640 3.37448e-06 4.07108e-06 4.01861e-06
1641 3.37829e-06 4.09299e-06 4.01861e-06
1642 3.37656e-06 4.03631e-06 4.01861e-06
1643 3.37961e-06 4.1619e-06 4.01861e-06
1644 3.37044e-06 4.03256e-06 4.01861e-06
1645 3.3684e-06 4.10857e-06 4.01861e-06
1646 3.37584e-06 4.04157e-06 4.01861e-06
1647 3.37206e-06 4.18301e-06 4.01861e-06
1648 3.36815e-06 4.08643e-06 4.01861e-06
1649 3.37493e-06 4.1044e-06 4.01861e-06
1650 3.3736e-06 4.15983e-06 4.01861e-06
1651 3.37303e-06 4.09532e-06 4.01861e-06
1652 3.37488e-06 4.10768e-06 4.01861e-06
1653 3.37324e-06 4.1507e-06 4.01861e-06
1654 3.36401e-06 4.08831e-06 4.01861e-06
1655 3.37558e-06 4.06846e-06 4.01861e-06
1656 3.36697e-06 4.15875e-06 4.01861e-06
1657 3.3746e-06 4.08501e-06 4.01861e-06
1658 3.37346e-06 4.10474e-06 4.01861e-06
1659 3.37202e-06 4.0646e-06 4.01861e-06
1660 3.37925e-06 4.03904e-06 4.01861e-06
1661 3.36792e-06 4.15601e-06 4.01861e-06
1662 3.37137e-06 4.1008e-06 4.01861e-06
1663 3.37278e-06 4.34392e-06 4.01861e-06
1664 3.3707e-06 4.10094e-06 4.01861e-06
1665 3.37332e-06 4.0956e-06 4.01861e-06
1666 3.36839e-06 4.23625e-06 4.01861e-06
1667 3.36751e-06 4.04084e-06 4.01861e-06
1668 3.37543e-06 4.16044e-06 4.01861e-06
1669 3.36838e-06 4.15316e-06 4.01861e-06
1670 3.36832e-06 4.05496e-06 4.01861e-06
1671 3.37489e-06 4.13016e-06 4.01861e-06
1672 3.36372e-06 4.14272e-06 4.01861e-06
1673 3.37144e-06 4.0997e-06 4.01861e-06
1674 3.36717e-06 4.04897e-06 4.01861e-06
1675 3.36457e-06 4.14049e-06 4.01861e-06
1676 3.3741e-06 4.15858e-06 4.01861e-06
1677 3.36628e-06 4.26105e-06 4.01861e-06
1678 3.36436e-06 4.05669e-06 4.01861e-06
1679 3.3779e-06 4.16636e-06 4.01861e-06
1680 3.36948e-06 4.05901e-06 4.01861e-06
1681 3.37094e-06 4.11305e-06 4.01861e-06
1682 3.37062e-06 4.13648e-06 4.01861e-06
1683 3.36788e-06 4.04837e-06 4.01861e-06
1684 3.37019e-06 4.14101e-06 4.01861e-06
1685 3.37544e-06 4.09587e-06 4.01861e-06
1686 3.36369e-06 4.13635e-06 4.01861e-06
1687 3.36808e-06 4.04733e-06 4.01861e-06
1688 3.36965e-06 4.11304e-06 4.01861e-06
1689 3.36606e-06 4.08311e-06 4.01861e-06
1690 3.36322e-06 4.12411e-06 4.01861e-06
1691 3.36944e-06 4.07051e-06 4.01861e-06
1692 3.37084e-06 4.17614e-06 4.01861e-06
1693 3.36888e-06 4.19788e-06 4.01861e-06
1694 3.36126e-06 4.03971e-06 4.01861e-06
1695 3.36619e-06 4.0771e-06 4.01861e-06
1696 3.36732e-06 4.05514e-06 4.01861e-06
1697 3.36578e-06 4.11841e-06 4.01861e-06
1698 3.36948e-06 4.10267e-06 4.01861e-06
1699 3.36533e-06 4.42465e-06 4.01861e-06
1700 3.36588e-06 4.05899e-06 4.01861e-06
1701 3.36264e-06 4.14157e-06 4.01861e-06
1702 3.36561e-06 4.12945e-06 4.01861e-06
1703 3.36477e-06 4.09384e-06 4.01861e-06
1704 3.36337e-06 4.01854e-06 4.01861e-06
1705 3.36872e-06 4.11824e-06 4.01854e-06
1706 3.36874e-06 4.10181e-06 4.01854e-06
1707 3.3718e-06 4.09408e-06 4.01854e-06
1708 3.36926e-06 4.13017e-06 4.01854e-06
1709 3.36299e-06 4.02787e-06 4.01854e-06
1710 3.36383e-06 4.08517e-06 4.01854e-06
1711 3.36434e-06 4.10628e-06 4.01854e-06
1712 3.36892e-06 4.22998e-06 4.01854e-06
1713 3.36387e-06 4.09804e-06 4.01854e-06
1714 3.36228e-06 4.061e-06 4.01854e-06
1715 3.3653e-06 4.13543e-06 4.01854e-06
1716 3.36916e-06 4.12308e-06 4.01854e-06
1717 3.36933e-06 4.11804e-06 4.01854e-06
1718 3.36726e-06 4.15101e-06 4.01854e-06
1719 3.36519e-06 4.05134e-06 4.01854e-06
1720 3.35931e-06 4.05317e-06 4.01854e-06
1721 3.36038e-06 4.11935e-06 4.01854e-06
1722 3.36089e-06 4.05708e-06 4.01854e-06
1723 3.36385e-06 4.071e-06 4.01854e-06
1724 3.36546e-06 4.07712e-06 4.01854e-06
1725 3.36529e-06 4.08642e-06 4.01854e-06
1726 3.36421e-06 4.00987e-06 4.01854e-06
1727 3.36794e-06 4.11576e-06 4.00987e-06
1728 3.35713e-06 4.09649e-06 4.00987e-06
1729 3.36472e-06 4.14666e-06 4.00987e-06
1730 3.36584e-06 4.18572e-06 4.00987e-06
1731 3.36234e-06 4.14655e-06 4.00987e-06
1732 3.35941e-06 4.17427e-06 4.00987e-06
1733 3.36055e-06 4.13076e-06 4.00987e-06
1734 3.36555e-06 4.12761e-06 4.00987e-06
1735 3.35876e-06 4.01106e-06 4.00987e-06
1736 3.36758e-06 4.13311e-06 4.00987e-06
1737 3.35967e-06 4.2627e-06 4.00987e-06
1738 3.35751e-06 4.07088e-06 4.00987e-06
1739 3.36563e-06 4.1414e-06 4.00987e-06
1740 3.35433e-06 4.09823e-06 4.00987e-06
1741 3.36159e-06 4.00271e-06 4.00987e-06
1742 3.35687e-06 4.14292e-06 4.00271e-06
1743 3.36075e-06 4.03411e-06 4.00271e-06
1744 3.36366e-06 4.03551e-06 4.00271e-06
1745 3.36504e-06 4.20267e-06 4.00271e-06
1746 3.36064e-06 4.03857e-06 4.00271e-06
1747 3.35528e-06 4.15094e-06 4.00271e-06
1748 3.3666e-06 4.0174e-06 4.00271e-06
1749 3.36238e-06 4.10421e-06 4.00271e-06
1750 3.35763e-06 4.0438e-06 4.00271e-06
1751 3.36124e-06 4.21323e-06 4.00271e-06
1752 3.35816e-06 4.0881e-06 4.00271e-06
1753 3.35504e-06 4.12799e-06 4.00271e-06
1754 3.3592e-06 4.28389e-06 4.00271e-06
1755 3.35965e-06 4.06681e-06 4.00271e-06
1756 3.36068e-06 4.17233e-06 4.00271e-06
1757 3.35671e-06 4.09017e-06 4.00271e-06
1758 3.35861e-06 4.12676e-06 4.00271e-06
1759 3.35774e-06 4.04142e-06 4.00271e-06
1760 3.35937e-06 4.01934e-06 4.00271e-06
1761 3.35985e-06 4.25717e-06 4.00271e-06
1762 3.35784e-06 4.14917e-06 4.00271e-06
1763 3.35176e-06 4.12352e-06 4.00271e-06
1764 3.3572e-06 4.14467e-06 4.00271e-06
1765 3.35758e-06 4.09344e-06 4.00271e-06
1766 3.35414e-06 4.08448e-06 4.00271e-06
1767 3.35675e-06 4.05407e-06 4.00271e-06
1768 3.35453e-06 4.15965e-06 4.00271e-06
1769 3.35752e-06 4.09218e-06 4.00271e-06
1770 3.35558e-06 4.2109e-06 4.00271e-06
1771 3.3573e-06 4.09048e-06 4.00271e-06
1772 3.35763e-06 4.10538e-06 4.00271e-06
1773 3.35191e-06 4.08073e-06 4.00271e-06
1774 3.35564e-06 4.2095e-06 4.00271e-06
1775 3.35315e-06 4.10744e-06 4.00271e-06
1776 3.35435e-06 4.06065e-06 4.00271e-06
1777 3.3577e-06 4.07716e-06 4.00271e-06
1778 3.35742e-06 4.05257e-06 4.00271e-06
1779 3.3578e-06 4.1016e-06 4.00271e-06
1780 3.36344e-06 4.11823e-06 4.00271e-06
1781 3.3603e-06 4.06362e-06 4.00271e-06
1782 3.3567e-06 4.03813e-06 4.00271e-06
1783 3.35542e-06 4.08226e-06 4.00271e-06
1784 3.36197e-06 4.12303e-06 4.00271e-06
1785 3.35542e-06 4.23656e-06 4.00271e-06
1786 3.35264e-06 4.15649e-06 4.00271e-06
1787 3.35266e-06 4.15336e-06 4.00271e-06
1788 3.36038e-06 4.10338e-06 4.00271e-06
1789 3.36046e-06 4.38569e-06 4.00271e-06
1790 3.35838e-06 4.05984e-06 4.00271e-06
1791 3.35388e-06 4.06015e-06 4.00271e-06
1792 3.35317e-06 4.16954e-06 4.00271e-06
1793 3.3606e-06 4.2907e-06 4.00271e-06
1794 3.35623e-06 4.12397e-06 4.00271e-06
1795 3.35355e-06 4.05236e-06 4.00271e-06
1796 3.35318e-06 4.18224e-06 4.00271e-06
1797 3.35675e-06 4.13146e-06 4.00271e-06
1798 3.35967e-06 4.01622e-06 4.00271e-06
1799 3.34809e-06 4.05124e-06 4.00271e-06
1800 3.3582e-06 4.10133e-06 4.00271e-06
1801 3.35832e-06 4.03957e-06 4.00271e-06
1802 3.34732e-06 4.07996e-06 4.00271e-06
1803 3.34854e-06 4.39208e-06 4.00271e-06
1804 3.35637e-06 4.05217e-06 4.00271e-06
1805 3.35083e-06 4.13357e-06 4.00271e-06
1806 3.35138e-06 4.09701e-06 4.00271e-06
1807 3.35313e-06 4.02395e-06 4.00271e-06
1808 3.35311e-06 4.07404e-06 4.00271e-06
1809 3.35124e-06 4.18757e-06 4.00271e-06
1810 3.35436e-06 4.02588e-06 4.00271e-06
1811 3.35221e-06 4.05826e-06 4.00271e-06
1812 3.35822e-06 4.1181e-06 4.00271e-06
1813 3.35059e-06 4.32587e-06 4.00271e-06
1814 3.35156e-06 4.00615e-06 4.00271e-06
1815 3.35032e-06 4.02936e-06 4.00271e-06
1816 3.35425e-06 4.08809e-06 4.00271e-06
1817 3.34873e-06 4.02653e-06 4.00271e-06
1818 3.34992e-06 4.08822e-06 4.00271e-06
1819 3.35003e-06 4.04092e-06 4.00271e-06
1820 3.34662e-06 4.13964e-06 4.00271e-06
1821 3.34723e-06 4.12641e-06 4.00271e-06
1822 3.34508e-06 4.10846e-06 4.00271e-06
1823 3.34742e-06 4.32211e-06 4.00271e-06
1824 3.35224e-06 4.06134e-06 4.00271e-06
1825 3.35631e-06 4.05077e-06 4.00271e-06
1826 3.35422e-06 4.13703e-06 4.00271e-06
1827 3.34855e-06 4.07117e-06 4.00271e-06
1828 3.34187e-06 4.04499e-06 4.00271e-06
1829 3.34949e-06 4.07059e-06 4.00271e-06
1830 3.3491e-06 4.03044e-06 4.00271e-06
1831 3.34962e-06 4.04557e-06 4.00271e-06
1832 3.34966e-06 4.09754e-06 4.00271e-06
1833 3.353e-06 4.12478e-06 4.00271e-06
1834 3.34733e-06 4.0919e-06 4.00271e-06
1835 3.34411e-06 4.02456e-06 4.00271e-06
1836 3.35189e-06 4.05664e-06 4.00271e-06
1837 3.34394e-06 4.12686e-06 4.00271e-06
1838 3.35353e-06 4.15892e-06 4.00271e-06
1839 3.34737e-06 4.05587e-06 4.00271e-06
1840 3.33986e-06 4.06969e-06 4.00271e-06
1841 3.35445e-06 4.2249e-06 4.00271e-06
